0.040067 0.009749 0.055254 0.025185 0.735150 0.048566 0.086028
0.065208 0.004315 0.079525 0.018855 0.712221 0.025354 0.094522
0.038683 0.007410 0.057381 0.019492 0.737717 0.036678 0.102639
0.044100 0.006824 0.041248 0.014729 0.736008 0.047587 0.109504
0.038170 0.016045 0.062101 0.012319 0.731547 0.060770 0.079048
0.026215 0.013825 0.071684 0.021528 0.703172 0.079190 0.084386
0.027892 0.016750 0.033057 0.014600 0.738550 0.078122 0.091030
0.025157 0.023730 0.054183 0.021031 0.750481 0.054456 0.070963
0.030753 0.000010 0.069106 0.020277 0.727606 0.062458 0.089790
0.043437 0.014319 0.074723 0.005325 0.706561 0.048456 0.107179
0.035040 0.005229 0.064869 0.028497 0.721601 0.065287 0.079478
0.028694 0.012537 0.078892 0.012398 0.727024 0.067121 0.073335
0.059706 0.009527 0.068755 0.013277 0.712956 0.060128 0.075649
0.035088 0.008814 0.084064 0.008500 0.706014 0.040304 0.117217
0.052295 0.018960 0.047189 0.026414 0.713541 0.064100 0.077501
0.031506 0.041012 0.040928 0.038021 0.706952 0.060028 0.081553
0.018718 0.037510 0.079482 0.049980 0.657007 0.063194 0.094108
0.037537 0.038415 0.055555 0.051203 0.666788 0.064973 0.085529
0.037155 0.018502 0.149744 0.022717 0.646945 0.064195 0.060741
0.021747 0.004494 0.197526 0.018284 0.679142 0.049382 0.029426
0.013749 0.021765 0.184355 0.007165 0.692456 0.062476 0.018035
0.036971 0.012788 0.163347 0.008702 0.678559 0.058211 0.041421
0.044351 0.008380 0.155718 0.011603 0.641187 0.083012 0.055749
0.033986 0.003721 0.192387 0.016156 0.659528 0.037966 0.056257
0.027492 0.026019 0.196378 0.008192 0.654346 0.043665 0.043908
0.026624 0.000010 0.145733 0.024864 0.657466 0.061220 0.084082
0.027113 0.028245 0.173863 0.021758 0.620750 0.046159 0.082112
0.036310 0.015309 0.202433 0.000010 0.690165 0.055763 0.000010
0.019552 0.021648 0.191267 0.010748 0.686838 0.045853 0.024093
0.045440 0.017218 0.204748 0.008674 0.668186 0.020704 0.035031
0.032284 0.021735 0.177051 0.011749 0.663241 0.057463 0.036475
0.046040 0.004114 0.174450 0.004998 0.671817 0.070873 0.027709
0.023852 0.011820 0.177475 0.000010 0.669175 0.055029 0.062639
0.027279 0.005719 0.188264 0.001452 0.647351 0.078419 0.051515
0.023955 0.005687 0.208073 0.000010 0.664787 0.069223 0.028266
0.025295 0.007924 0.195767 0.000010 0.673045 0.069157 0.028802
0.040014 0.001992 0.197309 0.005307 0.633882 0.073288 0.048208
0.041766 0.000010 0.174662 0.017446 0.674517 0.056015 0.035586
0.024540 0.010687 0.180673 0.000010 0.693175 0.061123 0.029793
0.031392 0.031977 0.216221 0.011960 0.640864 0.029676 0.037909
0.024982 0.017774 0.213105 0.013218 0.656274 0.034769 0.039879
0.027213 0.019316 0.151957 0.011995 0.619183 0.088420 0.081916
0.013726 0.006653 0.185814 0.005380 0.685531 0.057435 0.045462
0.041428 0.018468 0.168235 0.000010 0.690389 0.032110 0.049360
0.026261 0.019061 0.167731 0.000010 0.672806 0.055319 0.058812
0.035908 0.004592 0.179883 0.000010 0.672211 0.043925 0.063471
0.000010 0.000010 0.000010 0.999940 0.000010 0.000010 0.000010
0.000010 0.000010 0.000010 0.999940 0.000010 0.000010 0.000010
0.000010 0.000010 0.000010 0.999940 0.000010 0.000010 0.000010
0.000010 0.000010 0.000010 0.999940 0.000010 0.000010 0.000010
0.033905 0.000380 0.016625 0.000010 0.028045 0.906734 0.014301
0.022985 0.000952 0.022338 0.008509 0.040241 0.904966 0.000010
0.000010 0.019037 0.031930 0.000010 0.000010 0.927363 0.021640
0.003307 0.000017 0.007722 0.000010 0.043494 0.928459 0.016991
0.013788 0.007943 0.019564 0.000010 0.000010 0.944714 0.013971
0.016220 0.000010 0.006582 0.006328 0.011000 0.959850 0.000010
0.029722 0.000010 0.006475 0.000010 0.084463 0.879310 0.000010
0.008934 0.014283 0.000010 0.000010 0.009356 0.967397 0.000010
0.027081 0.000010 0.000010 0.002431 0.099421 0.854823 0.016223
0.018209 0.004662 0.032092 0.002935 0.000010 0.939320 0.002773
0.000017 0.000010 0.007226 0.000010 0.060133 0.922605 0.010000
0.000010 0.012879 0.014382 0.000010 0.003590 0.941252 0.027877
0.011128 0.003325 0.012024 0.003124 0.060374 0.899464 0.010561
0.000010 0.000010 0.000010 0.000010 0.000010 0.999940 0.000010
0.000010 0.000010 0.000010 0.000010 0.000010 0.999940 0.000010
0.002419 0.003690 0.017561 0.000010 0.004369 0.950301 0.021649
0.000010 0.000010 0.000010 0.000010 0.000010 0.999940 0.000010
0.000843 0.008985 0.000010 0.001036 0.050365 0.935086 0.003675
0.001081 0.000010 0.000010 0.000010 0.000010 0.998869 0.000010
0.019397 0.023506 0.038702 0.018419 0.761421 0.051741 0.086815
0.032954 0.016821 0.019856 0.007679 0.766045 0.074154 0.082491
0.038558 0.018371 0.076494 0.011239 0.713680 0.043259 0.098399
0.007010 0.013860 0.062886 0.013864 0.747431 0.044748 0.110200
0.032558 0.005543 0.061660 0.015650 0.764054 0.034807 0.085727
0.031335 0.015297 0.082487 0.017454 0.726564 0.020022 0.106841
0.029470 0.016249 0.047595 0.018622 0.765454 0.031200 0.091410
0.033149 0.012129 0.050879 0.018062 0.727028 0.052631 0.106122
0.047763 0.000010 0.055380 0.011954 0.722132 0.078710 0.084051
0.029056 0.016511 0.048310 0.019372 0.755618 0.058655 0.072478
0.043186 0.000010 0.051949 0.019850 0.764743 0.022538 0.097724
0.028679 0.035212 0.030710 0.009655 0.756282 0.058905 0.080557
0.028379 0.013972 0.062421 0.005602 0.740771 0.068048 0.080808
0.059330 0.002548 0.048804 0.002159 0.743914 0.053462 0.089783
0.002417 0.028118 0.087563 0.019470 0.730496 0.029216 0.102721
0.028240 0.009232 0.043792 0.018348 0.763890 0.071665 0.064832
0.041808 0.010476 0.068021 0.020104 0.718497 0.059169 0.081924
0.035933 0.011187 0.062320 0.017957 0.708845 0.056058 0.107700
0.049121 0.025228 0.028585 0.015839 0.725880 0.080911 0.074436
0.022945 0.010131 0.062962 0.013207 0.732660 0.078723 0.079371
0.049350 0.013793 0.043529 0.013598 0.764770 0.029008 0.085952
0.061743 0.006897 0.046549 0.014516 0.702707 0.064293 0.103294
0.054777 0.015049 0.057718 0.021275 0.716014 0.041459 0.093708
0.044409 0.015161 0.066246 0.010842 0.731954 0.060179 0.071210
0.047301 0.009123 0.073820 0.004334 0.757420 0.047444 0.060558
0.027400 0.006395 0.037909 0.021611 0.779806 0.043886 0.082994
0.048136 0.019230 0.042914 0.018880 0.774921 0.035546 0.060372
0.026891 0.002116 0.034986 0.027223 0.784493 0.049209 0.075081
0.053438 0.019665 0.071533 0.012395 0.698780 0.032602 0.111588
0.049772 0.015927 0.036690 0.018731 0.690366 0.072691 0.115824
0.012194 0.028316 0.077787 0.008426 0.739664 0.039083 0.094530
0.027949 0.020760 0.051197 0.018511 0.698165 0.071571 0.111847
0.026114 0.013438 0.071764 0.009117 0.712306 0.071818 0.095443
0.035270 0.012025 0.035323 0.007274 0.749192 0.049447 0.111469
0.020458 0.013914 0.061984 0.008514 0.770294 0.032052 0.092784
0.026114 0.023727 0.048793 0.010670 0.744879 0.030647 0.115169
0.043831 0.014538 0.034309 0.015111 0.749797 0.048521 0.093892
0.030326 0.008626 0.047587 0.019938 0.754986 0.043333 0.095204
0.054835 0.000384 0.067708 0.014424 0.704963 0.053181 0.104506
0.036435 0.000010 0.068965 0.010200 0.767654 0.046474 0.070262
0.014068 0.005801 0.075083 0.018839 0.736774 0.034125 0.115310
0.037725 0.002247 0.045385 0.024003 0.746206 0.077176 0.067258
0.053837 0.014706 0.078413 0.009699 0.695536 0.071767 0.076042
0.050265 0.001504 0.067490 0.011771 0.714010 0.049531 0.105429
0.034137 0.011305 0.047917 0.012546 0.770258 0.041933 0.081903
0.016677 0.025272 0.056198 0.014076 0.739813 0.074781 0.073183
0.032477 0.015315 0.036116 0.007711 0.808717 0.009206 0.090457
0.037118 0.005361 0.061692 0.016311 0.703310 0.074254 0.101955
0.039745 0.008042 0.047053 0.033745 0.736634 0.065511 0.069270
0.026035 0.015037 0.041367 0.022163 0.774079 0.048725 0.072595
0.037341 0.021931 0.066387 0.017288 0.732839 0.000010 0.124204
0.031164 0.019017 0.063272 0.017093 0.734182 0.056111 0.079160
0.053542 0.005133 0.061135 0.000010 0.721997 0.059102 0.099081
0.060858 0.015266 0.035229 0.008063 0.723986 0.061134 0.095464
0.031101 0.021821 0.039939 0.016224 0.756482 0.054973 0.079459
0.011957 0.017461 0.072741 0.004001 0.787299 0.028293 0.078249
0.031955 0.021179 0.045585 0.010613 0.757912 0.053583 0.079173
0.040023 0.001833 0.047703 0.009244 0.713762 0.089649 0.097786
0.032665 0.006926 0.071474 0.015660 0.749294 0.067508 0.056472
0.023428 0.018692 0.054072 0.010450 0.748702 0.049863 0.094793
0.036123 0.013054 0.039256 0.025016 0.731818 0.048743 0.105990
0.047256 0.004911 0.063417 0.005066 0.739989 0.064688 0.074673
0.040685 0.015262 0.034880 0.019741 0.766181 0.046749 0.076503
0.022961 0.015678 0.039138 0.021848 0.776104 0.030001 0.094271
0.039450 0.018355 0.052272 0.023305 0.733934 0.044420 0.088264
0.052259 0.018046 0.063385 0.009298 0.712974 0.044544 0.099493
0.041266 0.009232 0.053344 0.008868 0.770897 0.041838 0.074554
0.065988 0.000010 0.053472 0.013372 0.699457 0.082816 0.084885
0.032114 0.024436 0.053665 0.012328 0.763277 0.027550 0.086630
0.049482 0.022792 0.051419 0.018450 0.749357 0.043682 0.064819
0.039408 0.014765 0.057304 0.017528 0.757693 0.058632 0.054670
0.038666 0.012147 0.032756 0.022244 0.766924 0.047805 0.079458
0.029598 0.004029 0.022971 0.021082 0.796353 0.031139 0.094827
0.053140 0.000010 0.041071 0.009813 0.759221 0.034683 0.102062
0.043655 0.003054 0.047393 0.014245 0.759819 0.060712 0.071122
0.012870 0.009181 0.071611 0.034043 0.728011 0.044835 0.099449
0.000010 0.999940 0.000010 0.000010 0.000010 0.000010 0.000010
0.000010 0.999938 0.000012 0.000010 0.000010 0.000010 0.000010
0.000010 0.999940 0.000010 0.000010 0.000010 0.000010 0.000010
0.000010 0.999940 0.000010 0.000010 0.000010 0.000010 0.000010
0.000010 0.999940 0.000010 0.000010 0.000010 0.000010 0.000010
0.000010 0.999940 0.000010 0.000010 0.000010 0.000010 0.000010
0.000010 0.999940 0.000010 0.000010 0.000010 0.000010 0.000010
0.000013 0.999935 0.000010 0.000010 0.000010 0.000012 0.000010
0.000010 0.999940 0.000010 0.000010 0.000010 0.000010 0.000010
0.000010 0.053446 0.071830 0.039128 0.673109 0.084879 0.077597
0.013393 0.056055 0.064082 0.057719 0.683182 0.063837 0.061732
0.003742 0.070980 0.046399 0.044386 0.693489 0.051836 0.089168
0.009562 0.061410 0.036128 0.046977 0.701307 0.049458 0.095158
0.017459 0.055775 0.051960 0.047597 0.695465 0.041216 0.090528
0.000010 0.065077 0.046562 0.042207 0.719668 0.052137 0.074339
0.000010 0.067948 0.081713 0.044043 0.649012 0.057813 0.099461
0.014037 0.045697 0.063973 0.062845 0.708859 0.018299 0.086290
0.012596 0.051738 0.055497 0.060149 0.684099 0.048442 0.087478
0.015505 0.056647 0.079160 0.045132 0.656419 0.082181 0.064956
0.034525 0.059603 0.056634 0.055955 0.668031 0.071055 0.054196
0.016356 0.048156 0.069888 0.038100 0.674311 0.075124 0.078066
0.035433 0.044849 0.059292 0.048365 0.676640 0.044111 0.091311
0.033040 0.016608 0.043456 0.023491 0.539909 0.048187 0.295308
0.035168 0.005800 0.062325 0.010398 0.596996 0.031111 0.258202
0.028555 0.018061 0.046493 0.001183 0.585830 0.022902 0.296976
0.035026 0.010379 0.048108 0.003452 0.583617 0.052488 0.266930
0.027632 0.005491 0.048993 0.021770 0.616074 0.053420 0.226619
0.021809 0.002892 0.013432 0.000010 0.616710 0.043150 0.301998
0.029300 0.004183 0.015368 0.012232 0.571457 0.026524 0.340935
0.037470 0.008746 0.067202 0.012586 0.618274 0.070316 0.185407
0.044464 0.004243 0.044600 0.022388 0.533731 0.058419 0.292156
0.032997 0.011815 0.059483 0.012833 0.584372 0.027139 0.271360
0.042073 0.000010 0.063962 0.024604 0.600647 0.030845 0.237859
0.034616 0.014024 0.050521 0.006562 0.636286 0.059185 0.198807
0.044475 0.005749 0.032495 0.010897 0.583417 0.033082 0.289885
0.012669 0.018371 0.034366 0.005638 0.593703 0.069691 0.265561
0.044599 0.000010 0.050581 0.015817 0.626091 0.043052 0.219850
0.033016 0.019791 0.062738 0.014517 0.599656 0.030964 0.239316
0.020218 0.016283 0.021492 0.008064 0.635082 0.017748 0.281113
0.036956 0.000010 0.046492 0.000010 0.627051 0.033706 0.255775
0.043030 0.011827 0.058987 0.000010 0.563485 0.048042 0.274619
0.036232 0.006623 0.405268 0.021015 0.413171 0.056099 0.061591
0.000010 0.000010 0.999940 0.000010 0.000010 0.000010 0.000010
0.000010 0.000010 0.961001 0.002015 0.000010 0.001405 0.035548
0.000010 0.000016 0.838600 0.003965 0.127355 0.000010 0.030044
0.000010 0.021955 0.826080 0.000010 0.137605 0.011710 0.002630
0.034096 0.013552 0.559777 0.015330 0.323587 0.038874 0.014784
0.014101 0.012354 0.678920 0.007939 0.246054 0.010644 0.029987
0.035177 0.004367 0.620997 0.011990 0.300806 0.018115 0.008548
0.000010 0.021394 0.746505 0.011308 0.194488 0.026285 0.000010
0.000010 0.000010 0.999940 0.000010 0.000010 0.000010 0.000010
0.009627 0.001989 0.988344 0.000010 0.000010 0.000010 0.000010
0.008656 0.004588 0.609876 0.010063 0.296083 0.046990 0.023744
0.016905 0.009102 0.886624 0.000010 0.085606 0.001743 0.000010
0.009369 0.000010 0.562524 0.016236 0.358886 0.024222 0.028753
0.016201 0.000010 0.645162 0.000338 0.294842 0.036375 0.007072
0.006861 0.000010 0.778189 0.011631 0.131283 0.047049 0.024976
0.000010 0.000010 0.655474 0.005864 0.277927 0.034955 0.025761
0.000010 0.000010 0.999940 0.000010 0.000010 0.000010 0.000010
0.000010 0.000010 0.999940 0.000010 0.000010 0.000010 0.000010
0.018317 0.000010 0.634594 0.000010 0.286324 0.040220 0.020525
0.010161 0.015490 0.735311 0.000010 0.211966 0.023339 0.003724
0.000010 0.007549 0.047427 0.015485 0.108716 0.775790 0.045023
0.035124 0.000010 0.038984 0.001670 0.077491 0.820691 0.026030
0.001908 0.000010 0.013829 0.000010 0.071216 0.893446 0.019581
0.007416 0.000010 0.002479 0.004304 0.000010 0.971279 0.014502
0.019839 0.000010 0.021637 0.005721 0.050904 0.884570 0.017320
0.000010 0.014171 0.000010 0.010068 0.000010 0.975721 0.000010
0.019777 0.000012 0.017995 0.011208 0.000010 0.928927 0.022071
0.000010 0.000010 0.021636 0.005025 0.054076 0.907836 0.011407
0.000010 0.008631 0.000010 0.000010 0.000010 0.978489 0.012841
0.025091 0.003948 0.038440 0.000484 0.029270 0.902756 0.000010
0.012379 0.000010 0.003618 0.012861 0.064713 0.866825 0.039593
0.011842 0.008126 0.000010 0.005109 0.060445 0.905554 0.008914
0.000010 0.004385 0.000010 0.000010 0.000010 0.995565 0.000010
0.000010 0.004001 0.000010 0.000010 0.013349 0.969609 0.013011
0.012920 0.014362 0.000010 0.008785 0.038976 0.907191 0.017756
0.000010 0.000010 0.000010 0.000010 0.000010 0.987771 0.012179
0.007793 0.012973 0.024619 0.000010 0.034660 0.919935 0.000010
0.011780 0.012231 0.019994 0.000010 0.048192 0.907782 0.000010
0.000010 0.000010 0.000010 0.000010 0.000010 0.999940 0.000010
0.015096 0.018985 0.000010 0.000919 0.083353 0.881628 0.000010
0.000015 0.004039 0.021688 0.000010 0.117407 0.852195 0.004646
0.031943 0.008825 0.013476 0.004271 0.277918 0.000010 0.663557
0.052106 0.000010 0.024361 0.001141 0.436553 0.031452 0.454377
0.046081 0.007380 0.065810 0.018675 0.563462 0.057647 0.240945
0.016675 0.000010 0.036675 0.005079 0.445273 0.055295 0.440994
0.000010 0.000010 0.000010 0.000010 0.000010 0.000010 0.999940
0.000010 0.000010 0.000010 0.000010 0.000010 0.000010 0.999940
0.000010 0.000010 0.000010 0.000010 0.000010 0.000010 0.999940
0.056160 0.004714 0.017487 0.003829 0.468892 0.029568 0.419350
0.031242 0.006567 0.029880 0.019560 0.458955 0.002144 0.451652
0.027582 0.008170 0.023807 0.000010 0.354483 0.000010 0.585938
0.014213 0.021600 0.017741 0.014510 0.502809 0.043453 0.385674
0.012497 0.008379 0.064853 0.003092 0.501449 0.015929 0.393801
0.032204 0.013383 0.038020 0.015585 0.529215 0.048806 0.322788
0.000010 0.000010 0.000010 0.000010 0.000010 0.000010 0.999940
0.052391 0.000918 0.030386 0.001527 0.485340 0.044943 0.384496
0.014896 0.037197 0.048877 0.007941 0.502466 0.027197 0.361427
0.050486 0.006827 0.061186 0.015392 0.462215 0.024845 0.379051
0.033523 0.000010 0.021915 0.000010 0.410853 0.010191 0.523498
0.000010 0.000010 0.000010 0.000010 0.000010 0.000010 0.999940
0.000010 0.000010 0.000010 0.000010 0.000010 0.000010 0.999940
0.015395 0.000010 0.026997 0.000010 0.518951 0.079415 0.359221
0.030208 0.005205 0.033173 0.018287 0.439621 0.028746 0.444759
0.023281 0.003829 0.031868 0.004092 0.366027 0.019657 0.551246
0.014463 0.019517 0.041262 0.003248 0.450129 0.022470 0.448911
0.022956 0.009573 0.054032 0.008563 0.475771 0.030451 0.398655
0.040327 0.000010 0.035344 0.014042 0.546724 0.020049 0.343504
0.026159 0.001628 0.055558 0.000737 0.444298 0.026355 0.445265
0.030309 0.000182 0.047943 0.000010 0.460950 0.035988 0.424619
0.045458 0.000010 0.041531 0.010760 0.493864 0.046015 0.362361
0.029261 0.004106 0.044401 0.001836 0.522017 0.013181 0.385198
0.028550 0.000010 0.029407 0.000010 0.382436 0.034308 0.525279
0.019223 0.000010 0.031894 0.000010 0.455737 0.005080 0.488046
0.010173 0.028741 0.049128 0.000849 0.534197 0.070519 0.306392
0.027234 0.000010 0.033153 0.000010 0.485643 0.030218 0.423731
0.036010 0.004851 0.034576 0.013519 0.468815 0.027155 0.415074
0.027124 0.023394 0.046628 0.003827 0.468376 0.008840 0.421810
0.039403 0.007813 0.033410 0.002247 0.786169 0.058356 0.072603
0.035977 0.006711 0.034414 0.012047 0.806653 0.042727 0.061471
0.047414 0.000900 0.027013 0.001629 0.833621 0.014331 0.075091
0.054314 0.001048 0.070119 0.011755 0.780829 0.043000 0.038934
0.044020 0.015620 0.061949 0.022815 0.728706 0.044038 0.082853
0.047552 0.006353 0.046296 0.021028 0.756552 0.025938 0.096282
0.039235 0.001730 0.020835 0.013252 0.841937 0.015588 0.067422
0.042332 0.008830 0.038535 0.008929 0.796821 0.029043 0.075511
0.043930 0.016965 0.056987 0.013972 0.763402 0.035091 0.069652
0.046195 0.010670 0.031068 0.000915 0.780257 0.042597 0.088298
0.044597 0.003961 0.048969 0.014927 0.806289 0.026093 0.055164
0.035179 0.005551 0.054414 0.016286 0.756559 0.048863 0.083148
0.036943 0.009548 0.049273 0.000010 0.777446 0.056705 0.070075
0.044151 0.002414 0.005157 0.007284 0.854291 0.009472 0.077230
0.024522 0.027670 0.030910 0.010162 0.843616 0.000010 0.063110
0.032636 0.007250 0.039958 0.003336 0.763237 0.039493 0.114090
0.026853 0.037637 0.067558 0.002101 0.743847 0.046501 0.075503
0.062768 0.000010 0.047859 0.007112 0.807409 0.031376 0.043465
0.041247 0.008638 0.051232 0.011187 0.710251 0.078550 0.098893
0.033758 0.002907 0.059280 0.016740 0.772115 0.051932 0.063268
0.015227 0.001239 0.046290 0.033533 0.770311 0.052381 0.081020
0.036892 0.014190 0.061898 0.004712 0.762326 0.066244 0.053738
0.032007 0.010783 0.050382 0.005615 0.781006 0.043704 0.076504
0.030975 0.019294 0.054065 0.010966 0.715309 0.066092 0.103298
0.041705 0.018302 0.030623 0.005640 0.760084 0.045906 0.097741
0.018971 0.001023 0.021813 0.000010 0.824687 0.036982 0.096514
0.043956 0.000010 0.039222 0.011752 0.765523 0.033610 0.105927
0.051414 0.000010 0.064289 0.012626 0.742705 0.061243 0.067712
0.048672 0.013982 0.054196 0.008247 0.773894 0.019275 0.081734
0.054290 0.014288 0.068263 0.005819 0.673470 0.083286 0.100583
0.033836 0.020516 0.052326 0.011989 0.715338 0.075849 0.090146
0.022615 0.015703 0.062346 0.013659 0.694062 0.097935 0.093680
0.030894 0.032191 0.032186 0.014873 0.721898 0.057891 0.110067
0.051721 0.008707 0.073455 0.000010 0.719799 0.051476 0.094832
0.037665 0.030003 0.062874 0.003106 0.705871 0.066332 0.094150
0.069692 0.000010 0.073131 0.020573 0.705802 0.049876 0.080916
0.046296 0.017474 0.070773 0.019597 0.713899 0.060795 0.071165
0.048014 0.017104 0.053838 0.010123 0.716383 0.055846 0.098693
0.030699 0.011913 0.065887 0.018570 0.736565 0.027086 0.109280
0.056648 0.001738 0.042641 0.020014 0.727422 0.056408 0.095129
0.063302 0.011374 0.070194 0.014106 0.672053 0.073117 0.095854
0.037639 0.014402 0.056382 0.012867 0.719936 0.047224 0.111550
0.040514 0.007365 0.053582 0.014805 0.734762 0.047585 0.101388
0.039202 0.012694 0.053465 0.014761 0.679396 0.087780 0.112701
0.039335 0.008809 0.069622 0.026234 0.677048 0.078442 0.100509
0.034739 0.014943 0.048559 0.009228 0.738892 0.058799 0.094840
0.030070 0.008816 0.043046 0.018391 0.755499 0.051170 0.093008
0.036475 0.021325 0.060171 0.006856 0.731702 0.053653 0.089817
0.043942 0.011872 0.069844 0.012980 0.710833 0.061192 0.089336
0.058846 0.009098 0.091527 0.016028 0.686999 0.061201 0.076302
0.036624 0.009962 0.081456 0.019527 0.692360 0.064629 0.095442
0.043844 0.011858 0.038700 0.003709 0.735166 0.052016 0.114707
0.024336 0.024357 0.064570 0.011186 0.683602 0.076177 0.115772
0.048392 0.000819 0.077531 0.022754 0.699876 0.068114 0.082515
0.032936 0.010683 0.058919 0.017330 0.677750 0.083518 0.118864
0.038908 0.008772 0.069102 0.025113 0.686299 0.083994 0.087812
0.035854 0.029528 0.051755 0.015132 0.674946 0.084517 0.108269
0.929384 0.037614 0.000010 0.000010 0.011402 0.002129 0.019451
0.999940 0.000010 0.000010 0.000010 0.000010 0.000010 0.000010
0.999940 0.000010 0.000010 0.000010 0.000010 0.000010 0.000010
0.964245 0.019694 0.000010 0.010582 0.000010 0.000010 0.005449
0.987252 0.000010 0.000010 0.012698 0.000010 0.000010 0.000010
0.999940 0.000010 0.000010 0.000010 0.000010 0.000010 0.000010
0.999940 0.000010 0.000010 0.000010 0.000010 0.000010 0.000010
0.963123 0.023220 0.000010 0.000010 0.000010 0.000010 0.013618
0.889235 0.040474 0.000010 0.002588 0.042272 0.015909 0.009512
0.935222 0.004981 0.000010 0.000010 0.030677 0.029090 0.000010
0.999940 0.000010 0.000010 0.000010 0.000010 0.000010 0.000010
0.999940 0.000010 0.000010 0.000010 0.000010 0.000010 0.000010
0.999934 0.000010 0.000010 0.000010 0.000016 0.000010 0.000010
0.839455 0.045214 0.000010 0.000010 0.103239 0.012062 0.000010
0.853597 0.052432 0.000010 0.016678 0.046105 0.012297 0.018881
0.986424 0.013526 0.000010 0.000010 0.000010 0.000010 0.000010
0.999940 0.000010 0.000010 0.000010 0.000010 0.000010 0.000010
0.999940 0.000010 0.000010 0.000010 0.000010 0.000010 0.000010
0.961618 0.026478 0.000010 0.000010 0.011864 0.000010 0.000010
0.981867 0.006831 0.000010 0.007575 0.000596 0.003111 0.000010
0.898187 0.060116 0.000010 0.000010 0.041657 0.000010 0.000010
0.999940 0.000010 0.000010 0.000010 0.000010 0.000010 0.000010
0.999939 0.000010 0.000011 0.000010 0.000010 0.000010 0.000010
0.963339 0.012853 0.000010 0.000010 0.000010 0.011643 0.012136
0.999935 0.000010 0.000010 0.000015 0.000010 0.000010 0.000010
0.873742 0.043872 0.000010 0.005871 0.075521 0.000010 0.000974
0.859282 0.053506 0.000010 0.013961 0.046282 0.026948 0.000010
0.023995 0.016945 0.039419 0.019174 0.758265 0.063810 0.078393
0.026773 0.023595 0.000010 0.005435 0.860521 0.063757 0.019910
0.037156 0.022541 0.072703 0.000364 0.735520 0.046335 0.085380
0.043642 0.014142 0.015580 0.003938 0.808690 0.051024 0.062984
0.020435 0.014030 0.052595 0.008685 0.772280 0.031625 0.100350
0.037442 0.009615 0.000686 0.000623 0.864436 0.058849 0.028349
0.026285 0.027977 0.061125 0.017339 0.721629 0.049438 0.096207
0.031291 0.017941 0.068576 0.010399 0.690061 0.069241 0.112492
0.036201 0.017474 0.058247 0.020930 0.759335 0.053211 0.054603
0.018293 0.017874 0.008791 0.004818 0.794224 0.067315 0.088685
0.021617 0.015063 0.002844 0.001371 0.871701 0.044610 0.042793
0.036041 0.007158 0.000010 0.015096 0.898963 0.042722 0.000010
0.019105 0.014254 0.045686 0.003716 0.776297 0.066958 0.073984
0.041325 0.016639 0.064193 0.021973 0.708955 0.068742 0.078172
0.035165 0.020493 0.042538 0.007588 0.749906 0.082947 0.061362
0.029284 0.009210 0.049247 0.016231 0.736105 0.064724 0.095200
0.029996 0.017556 0.090557 0.005436 0.683777 0.097525 0.075154
0.044733 0.021834 0.060142 0.018107 0.701643 0.063709 0.089832
0.017590 0.058507 0.057448 0.042856 0.652782 0.062727 0.108090
0.013825 0.049167 0.065007 0.037588 0.700469 0.041391 0.092553
0.010360 0.050911 0.056589 0.053502 0.693095 0.054140 0.081403
0.018872 0.037574 0.058147 0.034149 0.680223 0.055456 0.115579
0.033853 0.039435 0.050971 0.063339 0.639316 0.073392 0.099693
0.013843 0.045007 0.051291 0.043407 0.682801 0.095997 0.067654
0.000010 0.051372 0.076974 0.034869 0.699038 0.059259 0.078478
0.026511 0.011556 0.061352 0.002891 0.776385 0.052713 0.068591
0.038876 0.008474 0.054784 0.013243 0.734890 0.085267 0.064467
0.027234 0.016239 0.084771 0.022081 0.695685 0.076394 0.077596
0.038013 0.022818 0.065077 0.000010 0.789098 0.032867 0.052116
0.038580 0.027436 0.049514 0.016716 0.673028 0.072505 0.122222
0.046393 0.010621 0.056328 0.024711 0.705477 0.064825 0.091645
0.056044 0.015389 0.040302 0.010079 0.707537 0.066711 0.103938
0.017849 0.006546 0.048779 0.008027 0.752058 0.071375 0.095367
0.033732 0.000307 0.064691 0.020005 0.706632 0.101391 0.073242
0.051940 0.000010 0.050422 0.018589 0.763087 0.044231 0.071722
0.036028 0.016738 0.061233 0.015753 0.753560 0.043953 0.072735
0.016595 0.018894 0.059256 0.013393 0.737146 0.090875 0.063841
0.022035 0.012579 0.073932 0.000010 0.743067 0.058602 0.089775
0.047851 0.023067 0.057559 0.031733 0.678064 0.080723 0.081003
0.058223 0.019291 0.064427 0.000010 0.769388 0.032382 0.056279
0.052285 0.018980 0.051973 0.019891 0.685777 0.074657 0.096437
0.046884 0.000649 0.063880 0.017825 0.739814 0.049159 0.081789
0.060396 0.000010 0.035602 0.023426 0.750658 0.036740 0.093169
0.025329 0.017509 0.061799 0.004679 0.754842 0.058117 0.077725
0.034614 0.015698 0.056341 0.006557 0.733388 0.092928 0.060472
0.033009 0.007400 0.052743 0.016023 0.700147 0.099720 0.090958
0.032892 0.004679 0.067765 0.013823 0.696538 0.088416 0.095887
0.037944 0.015128 0.064038 0.012059 0.732989 0.048440 0.089402
0.034450 0.016921 0.087093 0.016661 0.694068 0.073575 0.077233
0.020490 0.026082 0.051346 0.009497 0.758747 0.030574 0.103264
0.028276 0.009856 0.072168 0.024626 0.723052 0.052595 0.089427
0.030744 0.015400 0.036220 0.027230 0.754529 0.060178 0.075699
0.045169 0.012548 0.044883 0.022664 0.692430 0.085838 0.096468
0.032764 0.008694 0.076417 0.015479 0.747065 0.043005 0.076576
0.028170 0.014825 0.035394 0.014132 0.738950 0.069027 0.099502
0.022169 0.022073 0.073257 0.026177 0.726717 0.021076 0.108532
0.029670 0.016046 0.064533 0.012670 0.776553 0.026793 0.073734
0.031424 0.009510 0.055330 0.021929 0.720378 0.072400 0.089031
0.038201 0.017736 0.055830 0.015824 0.688355 0.089306 0.094749
0.041050 0.022536 0.055313 0.023684 0.680004 0.064075 0.113337
0.051828 0.020266 0.059719 0.020568 0.698913 0.061046 0.087660
0.038549 0.013924 0.049757 0.025243 0.721929 0.041594 0.109005
0.044294 0.018915 0.048258 0.017662 0.699582 0.059627 0.111663
0.037688 0.019441 0.078233 0.023563 0.673282 0.080809 0.086984
0.039235 0.012739 0.049576 0.011951 0.736692 0.048872 0.100936
0.041693 0.002259 0.065277 0.017695 0.703430 0.038602 0.131044
0.069544 0.010123 0.068432 0.001986 0.695996 0.046121 0.107797
0.037247 0.011704 0.065907 0.015898 0.722473 0.064245 0.082526
0.056879 0.000010 0.063940 0.030306 0.749958 0.052762 0.046145
0.035384 0.028403 0.065526 0.001237 0.745010 0.044933 0.079506
0.030699 0.020669 0.057691 0.004407 0.668562 0.094615 0.123356
0.039481 0.013986 0.061188 0.023134 0.713257 0.068846 0.080107
0.071005 0.000010 0.048983 0.017727 0.713449 0.031640 0.117187
0.036715 0.003577 0.048921 0.006894 0.771686 0.059829 0.072378
0.044247 0.007024 0.048458 0.011150 0.715997 0.075625 0.097498
0.051911 0.004359 0.078954 0.025780 0.667711 0.063639 0.107646
0.051154 0.006229 0.064665 0.010563 0.724324 0.055400 0.087666
0.047704 0.000010 0.072513 0.020330 0.711291 0.045171 0.102981
0.028761 0.009970 0.093504 0.012589 0.684784 0.068607 0.101785
0.037859 0.000010 0.057546 0.028166 0.674909 0.085694 0.115816
0.027932 0.029897 0.067666 0.024241 0.669935 0.070794 0.109536
0.055009 0.014891 0.029295 0.016814 0.732324 0.065552 0.086115
0.055855 0.011123 0.050336 0.016483 0.679363 0.040513 0.146326
0.038505 0.004937 0.058155 0.026600 0.743361 0.053540 0.074903
0.035187 0.007793 0.091434 0.014419 0.697454 0.064543 0.089171
0.048186 0.000010 0.050630 0.027096 0.719634 0.065574 0.088870
0.007738 0.027794 0.061356 0.011769 0.743203 0.037014 0.111125
0.023857 0.041323 0.051733 0.043843 0.688833 0.066259 0.084151
0.040172 0.047752 0.041709 0.054201 0.681571 0.049411 0.085184
0.009983 0.050496 0.040670 0.049044 0.693536 0.052190 0.104082
0.012010 0.051430 0.046063 0.044008 0.672471 0.069579 0.104440
0.000979 0.048948 0.056506 0.035466 0.695104 0.078191 0.084807
0.024528 0.054347 0.037366 0.036590 0.701322 0.076483 0.069364
0.023187 0.033169 0.047196 0.043199 0.670627 0.081841 0.100782
0.000010 0.063381 0.064319 0.037912 0.679054 0.058055 0.097269
0.032029 0.048443 0.054268 0.037960 0.666759 0.063004 0.097537
0.005003 0.067339 0.030722 0.050215 0.689604 0.048522 0.108597
0.033050 0.064896 0.048893 0.037391 0.672356 0.064483 0.078932
0.030053 0.017653 0.052964 0.009523 0.733602 0.067671 0.088533
0.021097 0.027569 0.046640 0.008963 0.734967 0.069230 0.091535
0.056282 0.017075 0.063441 0.005018 0.726956 0.062160 0.069070
0.050433 0.000010 0.044830 0.002227 0.732597 0.060948 0.108954
0.064084 0.000010 0.052036 0.008899 0.719200 0.040522 0.115248
0.044538 0.009783 0.064619 0.008167 0.666149 0.088204 0.118542
0.025204 0.026443 0.037007 0.010561 0.783467 0.045187 0.072132
0.047327 0.016020 0.066159 0.012890 0.744792 0.050961 0.061852
0.035874 0.000010 0.046495 0.001990 0.731385 0.088237 0.096009
0.055099 0.000010 0.055726 0.006962 0.783958 0.046258 0.051987
0.028979 0.028542 0.056470 0.013391 0.713246 0.070492 0.088881
0.054111 0.009074 0.057689 0.010087 0.691970 0.082077 0.094992
0.029736 0.021545 0.041348 0.000010 0.759783 0.049851 0.097726
0.049005 0.030030 0.050444 0.008737 0.716572 0.044977 0.100235
0.046989 0.018928 0.058233 0.009694 0.700972 0.073366 0.091818
0.046876 0.018350 0.060076 0.017823 0.703664 0.073836 0.079375
0.049073 0.008346 0.060643 0.002757 0.705973 0.068978 0.104231
0.044643 0.007488 0.045890 0.002088 0.710709 0.077378 0.111804
0.022046 0.021693 0.064409 0.006362 0.788668 0.048705 0.048116
0.033133 0.006216 0.067838 0.014691 0.744656 0.037108 0.096358
0.034774 0.003367 0.076558 0.003708 0.716387 0.087922 0.077284
0.042127 0.015011 0.076189 0.017915 0.713348 0.044184 0.091227
0.039473 0.027167 0.060010 0.017213 0.741910 0.019301 0.094926
0.042605 0.000010 0.085983 0.020418 0.726674 0.067073 0.057236
0.031924 0.021141 0.063007 0.015808 0.705148 0.057602 0.105370
0.051489 0.017271 0.082512 0.005038 0.712720 0.042270 0.088700
0.056770 0.012180 0.070125 0.024092 0.665235 0.068016 0.103581
0.047190 0.000010 0.058485 0.025809 0.699175 0.057929 0.111403
0.037295 0.011752 0.060874 0.016741 0.713920 0.053867 0.105551
0.028924 0.020313 0.071592 0.007270 0.702068 0.069146 0.100687
0.028650 0.018995 0.079107 0.023403 0.670724 0.062771 0.116349
0.055520 0.017642 0.058652 0.022257 0.667387 0.068163 0.110379
0.026274 0.025413 0.071561 0.014219 0.714323 0.070186 0.078025
0.034005 0.017167 0.060220 0.003811 0.692708 0.073213 0.118876
0.045838 0.012194 0.059910 0.008654 0.685782 0.077847 0.109775
0.046430 0.000508 0.081253 0.021124 0.701999 0.069462 0.079224
0.033239 0.015223 0.073557 0.013558 0.680112 0.067873 0.116438
0.040790 0.016389 0.062554 0.007189 0.716719 0.050968 0.105391
0.030318 0.021323 0.064887 0.025370 0.702116 0.042781 0.113206
0.043549 0.016768 0.062570 0.015052 0.708988 0.048316 0.104757
0.039269 0.023788 0.053908 0.002719 0.716868 0.066130 0.097319
0.029191 0.014155 0.047251 0.003890 0.704969 0.106227 0.094316
0.039495 0.019487 0.057039 0.007658 0.745237 0.023466 0.107619
0.033910 0.022193 0.064564 0.008978 0.667006 0.090713 0.112637
0.016397 0.021483 0.049674 0.016755 0.747309 0.051608 0.096774
0.050268 0.009432 0.059941 0.022970 0.685369 0.049890 0.122129
0.030653 0.018914 0.064290 0.011626 0.704164 0.083502 0.086851
0.038765 0.016733 0.066229 0.027484 0.689275 0.066887 0.094627
0.043199 0.011677 0.036123 0.020961 0.732606 0.067022 0.088412
0.063760 0.023186 0.025021 0.008083 0.797162 0.027064 0.055724
0.032462 0.002696 0.050520 0.025331 0.784940 0.032091 0.071959
0.049195 0.000010 0.039268 0.022646 0.793130 0.017338 0.078414
0.041122 0.031788 0.063344 0.000054 0.769224 0.033686 0.060784
0.048540 0.001477 0.059523 0.029228 0.766658 0.023632 0.070942
0.056066 0.005494 0.086727 0.000010 0.728029 0.040964 0.082710
0.041962 0.017540 0.046370 0.015546 0.777652 0.026397 0.074532
0.049434 0.015707 0.063493 0.011019 0.752491 0.039883 0.067973
0.042799 0.022835 0.053214 0.006658 0.746591 0.071916 0.055988
0.047952 0.006385 0.068829 0.002948 0.765994 0.028264 0.079628
0.027365 0.012982 0.073006 0.025932 0.738770 0.019790 0.102155
0.043691 0.008983 0.066991 0.018755 0.737152 0.041900 0.082529
0.023395 0.019686 0.038335 0.004323 0.822878 0.012978 0.078405
0.033239 0.013061 0.044802 0.009462 0.788831 0.048724 0.061881
0.015987 0.020545 0.059254 0.015370 0.741624 0.037121 0.110099
0.041014 0.019388 0.048857 0.018703 0.733925 0.037237 0.100876
0.060261 0.007553 0.031800 0.019938 0.713010 0.056230 0.111208
0.053253 0.000010 0.096724 0.016982 0.720634 0.021530 0.090868
0.035610 0.008789 0.061344 0.011342 0.695304 0.081969 0.105642
0.034646 0.008625 0.072154 0.016650 0.713683 0.061394 0.092848
0.057077 0.006084 0.053753 0.011754 0.730230 0.050405 0.090696
0.039286 0.021735 0.063390 0.026761 0.668239 0.069061 0.111528
0.033486 0.015217 0.052262 0.011189 0.723255 0.062394 0.102196
0.056597 0.002199 0.083018 0.012060 0.673155 0.079491 0.093479
0.035788 0.008998 0.070843 0.022444 0.698636 0.077833 0.085459
0.031457 0.020114 0.074303 0.000010 0.735755 0.064374 0.073988
0.051704 0.000010 0.080390 0.016461 0.697810 0.066241 0.087383
0.019021 0.030686 0.077045 0.009630 0.692607 0.060596 0.110415
0.031617 0.017660 0.035339 0.005525 0.702348 0.101888 0.105624
0.051725 0.023287 0.031075 0.007890 0.715774 0.060687 0.109563
0.017533 0.026387 0.082215 0.027599 0.702572 0.054079 0.089615
0.037648 0.006581 0.061458 0.016430 0.713015 0.042379 0.122490
0.036360 0.013696 0.076136 0.020951 0.728658 0.041680 0.082518
0.016066 0.029886 0.055916 0.020747 0.713435 0.046835 0.117116
0.049916 0.000891 0.052292 0.017525 0.712489 0.069005 0.097883
0.028283 0.015529 0.057251 0.016398 0.677965 0.105693 0.098883
0.042237 0.000977 0.063489 0.028826 0.675853 0.075257 0.113361
0.068699 0.021972 0.039527 0.000010 0.697756 0.029391 0.142644
0.039300 0.005821 0.018622 0.021093 0.736058 0.082551 0.096555
0.037599 0.024001 0.073550 0.011516 0.715799 0.040395 0.097140
0.036197 0.017696 0.041804 0.012235 0.715016 0.062728 0.114325
0.025998 0.022746 0.055692 0.012645 0.689147 0.078778 0.114994
0.041624 0.012968 0.050606 0.005588 0.746471 0.054500 0.088243
0.033145 0.009330 0.032073 0.010539 0.743234 0.060204 0.111475
0.024835 0.039492 0.051524 0.007030 0.719073 0.058976 0.099070
0.043291 0.006879 0.070969 0.006536 0.715414 0.071666 0.085245
0.043207 0.016615 0.071596 0.012548 0.688065 0.061151 0.106818
0.040767 0.000010 0.040815 0.011016 0.747682 0.062513 0.097197
0.032240 0.024178 0.059420 0.030102 0.700007 0.060453 0.093600
0.028168 0.018926 0.065176 0.017748 0.656254 0.090173 0.123555
0.047135 0.010561 0.075195 0.005919 0.715430 0.057025 0.088734
0.008822 0.020151 0.040384 0.006967 0.741486 0.076201 0.105989
0.033852 0.022613 0.037891 0.021666 0.739021 0.058701 0.086256
0.027684 0.026332 0.051957 0.008201 0.722136 0.054786 0.108903
0.036860 0.006700 0.048190 0.013052 0.700434 0.091705 0.103059
0.048992 0.022840 0.070661 0.012195 0.705500 0.061832 0.077979
0.037104 0.017649 0.063153 0.000010 0.752923 0.049577 0.079584
0.069602 0.001103 0.061130 0.018026 0.714952 0.071302 0.063886
0.065758 0.015794 0.042008 0.008568 0.680196 0.078114 0.109563
0.047841 0.008242 0.069164 0.008847 0.749119 0.058197 0.058591
0.040625 0.015171 0.063589 0.010486 0.709332 0.079612 0.081184
0.065728 0.000010 0.054590 0.010141 0.690787 0.071244 0.107500
0.018326 0.017751 0.070073 0.002853 0.719459 0.076555 0.094983
0.046038 0.009960 0.043364 0.005584 0.701315 0.085377 0.108361
0.032084 0.031062 0.080935 0.000010 0.751223 0.014815 0.089872
0.036044 0.012142 0.188920 0.003085 0.665286 0.059009 0.035514
0.027457 0.012748 0.169235 0.015916 0.637561 0.081099 0.055984
0.038982 0.012482 0.172995 0.010621 0.675996 0.042186 0.046738
0.027760 0.019649 0.166618 0.003065 0.683925 0.049347 0.049636
0.027081 0.005216 0.208600 0.000010 0.662829 0.062415 0.033849
0.046110 0.000010 0.168635 0.010365 0.669240 0.035962 0.069678
0.021620 0.023518 0.176209 0.000839 0.647960 0.056983 0.072871
0.031951 0.009712 0.163277 0.009634 0.692145 0.039702 0.053580
0.024769 0.009299 0.172479 0.008458 0.646122 0.058719 0.080154
0.030258 0.012083 0.150985 0.014280 0.656383 0.063254 0.072757
0.031312 0.002488 0.171901 0.011373 0.655225 0.081986 0.045714
0.023350 0.016291 0.163950 0.017460 0.664787 0.047114 0.067048
0.036583 0.006626 0.163497 0.011569 0.666095 0.068547 0.047084
0.017912 0.016286 0.173588 0.021559 0.661891 0.047413 0.061350
0.018820 0.018639 0.164139 0.001882 0.686025 0.042993 0.067501
0.015515 0.001921 0.227178 0.007999 0.711037 0.036340 0.000010
0.028812 0.015581 0.161438 0.006503 0.690760 0.046933 0.049973
0.025701 0.023707 0.183739 0.000010 0.643186 0.068737 0.054920
0.040559 0.015250 0.169289 0.022424 0.640089 0.046748 0.065641
0.029851 0.007324 0.218113 0.000288 0.713914 0.020359 0.010151
0.041504 0.018334 0.167828 0.002255 0.655510 0.047596 0.066973
0.036701 0.008204 0.156738 0.019478 0.682906 0.071634 0.024339
0.016927 0.010849 0.177133 0.012232 0.651640 0.069470 0.061750
0.027898 0.002842 0.195219 0.015188 0.630061 0.055497 0.073296
0.051722 0.000010 0.182421 0.000010 0.659457 0.081510 0.024871
0.043244 0.000010 0.175686 0.012742 0.632184 0.072546 0.063588
0.039136 0.005831 0.201981 0.000010 0.619535 0.084716 0.048791
0.034716 0.001571 0.166144 0.019956 0.664617 0.081079 0.031917
0.021182 0.015859 0.156669 0.000010 0.664976 0.093691 0.047613
0.031639 0.015906 0.202534 0.000419 0.665401 0.067723 0.016378
0.027123 0.012840 0.170164 0.000207 0.673658 0.056621 0.059388
0.030715 0.007540 0.173468 0.006106 0.657671 0.056950 0.067551
0.027407 0.023822 0.177238 0.002892 0.674604 0.063442 0.030595
0.040088 0.009014 0.169629 0.010953 0.656800 0.054172 0.059343
0.032746 0.002895 0.160491 0.014554 0.666682 0.079189 0.043442
0.036833 0.009272 0.192906 0.006144 0.657603 0.055707 0.041535
0.035201 0.011851 0.175305 0.002645 0.651236 0.056423 0.067339
0.032341 0.013674 0.209140 0.009370 0.645079 0.057899 0.032497
0.018039 0.023645 0.200570 0.000010 0.676101 0.048390 0.033245
0.032332 0.011796 0.184855 0.000797 0.677847 0.050569 0.041805
0.045417 0.008128 0.196264 0.000224 0.644838 0.066408 0.038721
0.035969 0.006615 0.142888 0.004942 0.676886 0.056828 0.075872
0.012157 0.007282 0.209190 0.000010 0.723090 0.044114 0.004157
0.031445 0.003857 0.201724 0.000010 0.714053 0.024986 0.023925
0.019404 0.016612 0.172254 0.000010 0.657899 0.077844 0.055977
0.005653 0.021580 0.176113 0.007060 0.704662 0.048532 0.036399
0.047139 0.013370 0.151860 0.012664 0.670458 0.043996 0.060513
0.036979 0.011578 0.132979 0.006613 0.666382 0.066999 0.078471
0.059259 0.001965 0.060883 0.007621 0.785993 0.012226 0.072054
0.030708 0.003510 0.063931 0.012513 0.726793 0.054967 0.107578
0.039567 0.008834 0.039409 0.009700 0.771173 0.057202 0.074116
0.057948 0.008293 0.055507 0.021221 0.713436 0.034291 0.109304
0.022562 0.024188 0.031807 0.010674 0.793839 0.047393 0.069536
0.038874 0.008263 0.053532 0.011030 0.732261 0.055894 0.100146
0.014600 0.023209 0.028626 0.006421 0.800595 0.048991 0.077556
0.042280 0.018677 0.047714 0.004248 0.769664 0.037057 0.080360
0.031401 0.017917 0.029736 0.017997 0.750717 0.076853 0.075379
0.044412 0.001390 0.063817 0.017343 0.694946 0.064965 0.113127
0.028179 0.000010 0.051470 0.013064 0.794820 0.027812 0.084645
0.058159 0.000010 0.062260 0.011864 0.765918 0.020451 0.081339
0.030452 0.001429 0.031757 0.022325 0.765700 0.049867 0.098469
0.057585 0.013723 0.045728 0.018505 0.738403 0.037966 0.088090
0.059504 0.003252 0.047812 0.012403 0.724756 0.068355 0.083918
0.052838 0.000010 0.078321 0.014973 0.711127 0.057875 0.084855
0.035096 0.021881 0.061090 0.007353 0.751141 0.040563 0.082876
0.042740 0.013606 0.051036 0.007132 0.765967 0.057116 0.062403
0.029410 0.003730 0.030749 0.011835 0.757369 0.060578 0.106328
0.050820 0.001791 0.056429 0.009877 0.732281 0.055709 0.093094
0.021063 0.012610 0.067106 0.022091 0.706888 0.073674 0.096567
0.043785 0.011408 0.035625 0.015774 0.736738 0.089289 0.067380
0.040001 0.001524 0.077827 0.024539 0.716181 0.039265 0.100662
0.038340 0.004504 0.069360 0.032366 0.711773 0.040479 0.103177
0.043775 0.017029 0.044349 0.031469 0.721444 0.047541 0.094393
0.046372 0.010382 0.064829 0.015922 0.672431 0.092565 0.097499
