0.040907 0.151785 0.701757 0.051874 0.014306 0.039370
0.066406 0.156432 0.677472 0.075515 0.007819 0.016357
0.039831 0.167463 0.701385 0.052796 0.011128 0.027398
0.045745 0.175020 0.695417 0.036699 0.009319 0.037799
0.038881 0.143513 0.690202 0.057995 0.018800 0.050608
0.027228 0.146171 0.670123 0.068301 0.017721 0.070455
0.029449 0.157106 0.697356 0.028897 0.019160 0.068031
0.026436 0.135497 0.715046 0.050275 0.027646 0.045100
0.032341 0.154299 0.692064 0.065258 0.002795 0.053243
0.044696 0.169494 0.660379 0.071063 0.015437 0.038930
0.035942 0.142213 0.693189 0.061210 0.010444 0.057002
0.030061 0.137754 0.684340 0.075562 0.014816 0.057468
0.060949 0.137219 0.673927 0.065158 0.012194 0.050553
0.036418 0.179064 0.663750 0.079858 0.010543 0.030367
0.053129 0.140327 0.684095 0.043197 0.023700 0.055552
0.029949 0.145950 0.682436 0.038232 0.051490 0.051944
0.015300 0.152506 0.646058 0.076529 0.052392 0.057215
0.035211 0.143785 0.658813 0.052452 0.052351 0.057388
0.038010 0.116783 0.619420 0.146761 0.022398 0.056628
0.022998 0.088514 0.645276 0.195027 0.007558 0.040627
0.015516 0.079489 0.646521 0.183003 0.023046 0.052425
0.038475 0.102781 0.635234 0.160360 0.014525 0.048625
0.045627 0.113564 0.602543 0.153030 0.010534 0.074701
0.035701 0.114859 0.623568 0.190445 0.006012 0.029415
0.028960 0.101614 0.613505 0.194171 0.027326 0.034424
0.028775 0.141036 0.631676 0.142852 0.002075 0.053586
0.028664 0.136844 0.593086 0.171530 0.031159 0.038717
0.038604 0.059029 0.640065 0.201781 0.014559 0.045961
0.021001 0.085210 0.644740 0.189440 0.023187 0.036422
0.047197 0.094224 0.626284 0.202768 0.018082 0.011446
0.033984 0.094901 0.624381 0.174872 0.023366 0.048495
0.047808 0.087061 0.626666 0.172140 0.004847 0.061478
0.025611 0.122695 0.619441 0.175114 0.011834 0.045304
0.029059 0.108734 0.601212 0.185814 0.005692 0.069489
0.026459 0.088889 0.613212 0.206371 0.005238 0.059831
0.027198 0.090234 0.621829 0.192772 0.008239 0.059728
0.041398 0.104612 0.591464 0.195468 0.002678 0.064380
0.043195 0.094380 0.640069 0.171959 0.002885 0.047512
0.027449 0.093696 0.637823 0.179069 0.009832 0.052131
0.033011 0.096878 0.602108 0.213350 0.033383 0.021270
0.026010 0.099730 0.616718 0.210722 0.020705 0.026115
0.028525 0.137256 0.583694 0.148921 0.021257 0.080347
0.015022 0.105591 0.641272 0.183239 0.007464 0.047411
0.042880 0.112406 0.637759 0.166718 0.018630 0.021607
0.028651 0.118962 0.622490 0.166024 0.018422 0.045451
0.037597 0.124640 0.621981 0.177308 0.004654 0.033820
0.002163 0.000010 0.781638 0.005142 0.123228 0.087820
0.000010 0.000010 0.773637 0.005254 0.142353 0.078736
0.000010 0.000010 0.800011 0.000010 0.139381 0.060578
0.002646 0.000010 0.776922 0.005296 0.145247 0.069878
0.034667 0.017433 0.020824 0.017982 0.000010 0.909084
0.023701 0.000010 0.044544 0.022919 0.001594 0.907231
0.000015 0.021287 0.000010 0.032076 0.018243 0.928370
0.003887 0.022765 0.033175 0.009866 0.000010 0.930296
0.014283 0.012627 0.000010 0.020197 0.006894 0.945989
0.016535 0.000010 0.014819 0.006755 0.000010 0.961871
0.030700 0.000010 0.081886 0.006607 0.000010 0.880788
0.010963 0.000010 0.004670 0.000010 0.012948 0.971399
0.027631 0.026139 0.091240 0.000010 0.000010 0.854970
0.018726 0.001127 0.000010 0.033104 0.004653 0.942379
0.000402 0.016149 0.052660 0.007094 0.000010 0.923686
0.000010 0.030046 0.000010 0.015413 0.011618 0.942903
0.011583 0.015432 0.056851 0.011968 0.003537 0.900630
0.000010 0.000010 0.000010 0.000010 0.000010 0.999950
0.000010 0.000010 0.000010 0.000010 0.000010 0.999950
0.003374 0.021963 0.000524 0.018556 0.002502 0.953081
0.000010 0.000010 0.000010 0.000010 0.000010 0.999950
0.001459 0.008027 0.045514 0.000010 0.008150 0.936840
0.000607 0.000010 0.000010 0.000010 0.000010 0.999353
0.020769 0.152216 0.723340 0.034790 0.027031 0.041854
0.034326 0.148220 0.719482 0.015892 0.018780 0.063300
0.039872 0.161789 0.671118 0.073335 0.020301 0.033585
0.008663 0.176186 0.704153 0.059532 0.016372 0.035094
0.034006 0.152012 0.722714 0.058291 0.008235 0.024742
0.032651 0.170589 0.689293 0.078574 0.018306 0.010587
0.030644 0.158916 0.725938 0.043674 0.019579 0.021249
0.034247 0.169438 0.690474 0.047170 0.015707 0.042965
0.049927 0.147427 0.682867 0.050933 0.000010 0.068836
0.029848 0.136436 0.720014 0.044071 0.020699 0.048932
0.046374 0.165244 0.727724 0.047848 0.000010 0.012800
0.029868 0.146315 0.711417 0.026249 0.037465 0.048687
0.029755 0.147225 0.690989 0.059117 0.015213 0.057701
0.061283 0.155478 0.692384 0.045032 0.002657 0.043166
0.003584 0.168026 0.693310 0.083684 0.031705 0.019692
0.028992 0.131383 0.724393 0.040788 0.012890 0.061554
0.042652 0.145155 0.683181 0.064259 0.014466 0.050288
0.037039 0.169787 0.672765 0.058805 0.014505 0.047098
0.049934 0.137908 0.687080 0.025038 0.028909 0.071132
0.024503 0.145617 0.688761 0.059700 0.012605 0.068813
0.050715 0.152232 0.722046 0.039758 0.016303 0.018947
0.062845 0.165141 0.663843 0.043218 0.009752 0.055201
0.055868 0.156912 0.681871 0.053965 0.018948 0.032436
0.045819 0.134661 0.689555 0.062796 0.016993 0.050176
0.048763 0.130600 0.704143 0.070478 0.009652 0.036364
0.028749 0.150566 0.742760 0.033620 0.010536 0.033769
0.049515 0.128224 0.735190 0.039408 0.022424 0.025239
0.028270 0.143309 0.751303 0.031130 0.006451 0.039536
0.054808 0.172558 0.659775 0.068049 0.021687 0.023124
0.051162 0.176494 0.656544 0.032863 0.018888 0.064050
0.013392 0.160977 0.692356 0.074450 0.030241 0.028584
0.029157 0.174075 0.662658 0.047443 0.024008 0.062659
0.027214 0.158230 0.668534 0.068213 0.015568 0.062240
0.037099 0.178837 0.699314 0.032283 0.012970 0.039497
0.022127 0.160571 0.722648 0.057594 0.015602 0.021457
0.027686 0.181457 0.699142 0.045845 0.025417 0.020453
0.045426 0.160223 0.707004 0.031277 0.017058 0.039012
0.031769 0.162436 0.717008 0.042769 0.012128 0.033891
0.056498 0.167317 0.665837 0.063961 0.002217 0.044169
0.038879 0.137756 0.721699 0.065745 0.000010 0.035910
0.015514 0.180989 0.698738 0.071099 0.008845 0.024815
0.038610 0.131988 0.713264 0.041422 0.006722 0.067993
0.055604 0.138555 0.652000 0.075149 0.016242 0.062449
0.051579 0.168503 0.672261 0.064092 0.003579 0.039986
0.035432 0.149740 0.725682 0.043215 0.013995 0.031936
0.017792 0.138523 0.698704 0.052251 0.027592 0.065138
0.032948 0.161301 0.756918 0.031370 0.017453 0.000010
0.038631 0.165336 0.665550 0.056953 0.008244 0.065286
0.040899 0.132912 0.712581 0.043018 0.013527 0.057063
0.026803 0.140388 0.737848 0.036578 0.019301 0.039082
0.037759 0.188024 0.687810 0.061368 0.025029 0.000010
0.031659 0.143696 0.695516 0.059474 0.022783 0.046872
0.055111 0.164468 0.668898 0.056968 0.005718 0.048837
0.062295 0.158837 0.679590 0.031324 0.017076 0.050878
0.032439 0.146446 0.714931 0.036519 0.024688 0.044977
0.012955 0.148729 0.732929 0.069489 0.018821 0.017079
0.033715 0.144629 0.714163 0.041813 0.022874 0.042805
0.041459 0.161212 0.669630 0.043996 0.003719 0.079984
0.033975 0.122417 0.708449 0.067610 0.009746 0.057803
0.024334 0.160952 0.703964 0.049902 0.021131 0.039717
0.037417 0.170482 0.699922 0.035391 0.017041 0.039748
0.048678 0.142669 0.688951 0.059042 0.005768 0.054891
0.042038 0.144869 0.727254 0.030400 0.018559 0.036878
0.024572 0.160647 0.739899 0.035490 0.019087 0.020305
0.040726 0.153196 0.699542 0.048465 0.022431 0.035640
0.053855 0.162423 0.669355 0.060173 0.019262 0.034931
0.042974 0.144732 0.721603 0.048810 0.010959 0.030923
0.068763 0.145590 0.662240 0.049561 0.000010 0.073835
0.033299 0.153733 0.719916 0.048568 0.027069 0.017415
0.050571 0.130353 0.711925 0.046930 0.026104 0.034117
0.041177 0.120218 0.718779 0.053454 0.017218 0.049155
0.039962 0.147073 0.729915 0.028790 0.016041 0.038219
0.030387 0.165127 0.756335 0.018832 0.008153 0.021165
0.054376 0.169852 0.711575 0.037686 0.002392 0.024119
0.044424 0.139070 0.715508 0.043907 0.006346 0.050745
0.013914 0.162363 0.704615 0.067670 0.014737 0.036702
0.000010 0.000010 0.000010 0.000010 0.999950 0.000010
0.000010 0.000010 0.000010 0.000010 0.999950 0.000010
0.000010 0.000010 0.000010 0.000010 0.999950 0.000010
0.000010 0.000010 0.000010 0.000010 0.999950 0.000010
0.000010 0.000010 0.000010 0.000010 0.999950 0.000010
0.000010 0.000010 0.000010 0.000010 0.999950 0.000010
0.000010 0.000010 0.000010 0.000015 0.999945 0.000010
0.000010 0.000010 0.000010 0.000010 0.999950 0.000010
0.000010 0.000010 0.000010 0.000010 0.999950 0.000010
0.000010 0.137880 0.652196 0.068684 0.064007 0.077223
0.010468 0.121268 0.678190 0.060590 0.071189 0.058296
0.001431 0.150447 0.676898 0.042806 0.083566 0.044852
0.006641 0.157215 0.685527 0.032539 0.075466 0.042611
0.016042 0.151453 0.683033 0.048157 0.067213 0.034103
0.000010 0.137906 0.698096 0.043260 0.076125 0.044603
0.000010 0.157374 0.633469 0.079081 0.078575 0.051491
0.009572 0.146944 0.707252 0.060198 0.063692 0.012343
0.008197 0.146428 0.682699 0.051344 0.068805 0.042526
0.013331 0.122752 0.643446 0.075974 0.068589 0.075907
0.032060 0.111692 0.664022 0.053353 0.073883 0.064990
0.015295 0.137284 0.654814 0.066715 0.057779 0.068113
0.033406 0.150456 0.665370 0.056190 0.057504 0.037072
0.033926 0.343856 0.518446 0.040350 0.020438 0.042985
0.036999 0.311990 0.561714 0.058915 0.006947 0.023434
0.030201 0.352085 0.540516 0.042855 0.018528 0.015815
0.036475 0.321170 0.541863 0.044782 0.010828 0.044882
0.028724 0.282690 0.587602 0.045492 0.008824 0.046668
0.023553 0.359762 0.567527 0.010871 0.002889 0.035397
0.030401 0.394394 0.536422 0.012108 0.006608 0.020066
0.038321 0.242114 0.582227 0.063568 0.011121 0.062649
0.045397 0.339705 0.512991 0.041642 0.008018 0.052246
0.034154 0.323320 0.551582 0.056584 0.014094 0.020266
0.045299 0.291847 0.577555 0.060760 0.000010 0.024530
0.035926 0.256385 0.593817 0.047734 0.015325 0.050813
0.046043 0.343266 0.548339 0.029194 0.007287 0.025871
0.013883 0.318674 0.554404 0.031355 0.019429 0.062255
0.047212 0.275822 0.594331 0.047342 0.000010 0.035283
0.034185 0.293292 0.567053 0.059394 0.022352 0.023723
0.021674 0.338072 0.595028 0.017938 0.017754 0.009535
0.038743 0.312224 0.579651 0.043619 0.000010 0.025753
0.044646 0.327221 0.519412 0.055750 0.011895 0.041075
0.037320 0.097366 0.400791 0.403524 0.009001 0.051998
0.000010 0.000010 0.000010 0.999950 0.000010 0.000010
0.000010 0.034250 0.000010 0.961607 0.000010 0.004113
0.000010 0.039623 0.121841 0.838506 0.000010 0.000010
0.000010 0.013390 0.127840 0.826665 0.021187 0.010908
0.034430 0.041598 0.313704 0.558342 0.016069 0.035857
0.014475 0.050128 0.234858 0.678810 0.013454 0.008275
0.036311 0.032976 0.289975 0.620091 0.005072 0.015575
0.000010 0.014793 0.192100 0.745611 0.022241 0.025245
0.000010 0.000010 0.000010 0.999950 0.000010 0.000010
0.009741 0.000010 0.000010 0.990219 0.000010 0.000010
0.009301 0.049006 0.283148 0.608824 0.005973 0.043750
0.017618 0.000010 0.086079 0.887139 0.008100 0.001055
0.011239 0.058662 0.347968 0.561136 0.000010 0.020985
0.016419 0.032785 0.273632 0.644849 0.000010 0.032305
0.008097 0.035537 0.130920 0.777478 0.000092 0.047876
0.000010 0.049620 0.263730 0.654455 0.000010 0.032174
0.000017 0.000010 0.000010 0.999943 0.000010 0.000010
0.000010 0.000010 0.000010 0.999950 0.000010 0.000010
0.018932 0.046035 0.264628 0.633863 0.000010 0.036532
0.011798 0.020733 0.198390 0.734664 0.013053 0.021362
0.000010 0.052916 0.113220 0.047300 0.009811 0.776743
0.035713 0.032217 0.071546 0.039117 0.000010 0.821396
0.002239 0.025272 0.063749 0.014315 0.000010 0.894415
0.008310 0.013033 0.000010 0.003688 0.000010 0.974950
0.020689 0.021760 0.049840 0.021773 0.000010 0.885929
0.000010 0.000010 0.000010 0.000010 0.015863 0.984097
0.021127 0.021324 0.000010 0.019876 0.002129 0.935534
0.000010 0.015555 0.053160 0.021723 0.000010 0.909543
0.000010 0.011705 0.000010 0.000010 0.008767 0.979498
0.025745 0.000010 0.028070 0.038815 0.003185 0.904175
0.013493 0.044489 0.069639 0.003961 0.000010 0.868408
0.012512 0.012331 0.060029 0.000010 0.008310 0.906808
0.000010 0.000010 0.000010 0.000010 0.003213 0.996747
0.000010 0.015180 0.008281 0.000010 0.003597 0.972922
0.013488 0.021705 0.040411 0.000010 0.015127 0.909259
0.000010 0.011566 0.000010 0.000019 0.000010 0.988385
0.008184 0.000010 0.031961 0.025469 0.012861 0.921515
0.012952 0.004246 0.040021 0.021386 0.011424 0.909972
0.000010 0.000010 0.000010 0.000010 0.000010 0.999950
0.016099 0.004312 0.077076 0.000010 0.018831 0.883673
0.000586 0.015287 0.105111 0.022781 0.003298 0.852936
0.032857 0.690818 0.255102 0.012199 0.009014 0.000010
0.053119 0.495595 0.403063 0.021820 0.000010 0.026393
0.046860 0.291015 0.536786 0.062736 0.011077 0.051526
0.018446 0.483168 0.414088 0.034309 0.000010 0.049979
0.000010 0.999950 0.000010 0.000010 0.000010 0.000010
0.000010 0.999950 0.000010 0.000010 0.000010 0.000010
0.000010 0.999950 0.000010 0.000010 0.000010 0.000010
0.057771 0.463876 0.433993 0.014743 0.005229 0.024388
0.032647 0.493696 0.437622 0.027193 0.008832 0.000010
0.029048 0.621973 0.320453 0.021722 0.006794 0.000010
0.015096 0.433876 0.474115 0.014627 0.024052 0.038234
0.013935 0.441842 0.463595 0.062392 0.008147 0.010087
0.033290 0.371350 0.501566 0.034680 0.016099 0.043015
0.000010 0.999950 0.000010 0.000010 0.000010 0.000010
0.054143 0.430099 0.448466 0.027510 0.000774 0.039008
0.016310 0.407407 0.470077 0.046531 0.038492 0.021183
0.051924 0.421551 0.438795 0.058745 0.008295 0.020690
0.035111 0.563645 0.375686 0.020367 0.000010 0.005181
0.000010 0.999950 0.000010 0.000010 0.000010 0.000010
0.000010 0.999950 0.000010 0.000010 0.000010 0.000010
0.017370 0.408298 0.476386 0.024635 0.000010 0.073301
0.031035 0.484501 0.421293 0.030723 0.008301 0.024147
0.025099 0.584984 0.340826 0.030090 0.003544 0.015459
0.014860 0.491182 0.416148 0.038807 0.020548 0.018455
0.024415 0.443741 0.444451 0.051443 0.010613 0.025338
0.042698 0.393206 0.517787 0.032500 0.000010 0.013799
0.028097 0.489908 0.406415 0.053615 0.000217 0.021749
0.031571 0.470433 0.421524 0.045860 0.000010 0.030601
0.047717 0.408037 0.464626 0.039047 0.000010 0.040564
0.030910 0.434475 0.482817 0.042484 0.003910 0.005404
0.029843 0.563285 0.348581 0.027452 0.000010 0.030829
0.020611 0.534535 0.416033 0.028800 0.000010 0.000010
0.011345 0.354084 0.495822 0.045786 0.029379 0.063584
0.028782 0.467938 0.449133 0.029935 0.000010 0.024202
0.037699 0.458431 0.444490 0.031362 0.006321 0.021696
0.028216 0.465972 0.434903 0.043605 0.023857 0.003446
0.040589 0.142795 0.731099 0.030394 0.008142 0.046980
0.037377 0.133319 0.757733 0.030798 0.008694 0.032078
0.049767 0.148197 0.775590 0.022586 0.001170 0.002690
0.055398 0.108700 0.734486 0.066014 0.003275 0.032126
0.044808 0.146583 0.695137 0.058056 0.019998 0.035419
0.048893 0.163046 0.719085 0.042789 0.009633 0.016553
0.041627 0.142884 0.790738 0.017104 0.003567 0.004080
0.044248 0.147072 0.745217 0.035408 0.010023 0.018032
0.045283 0.135353 0.722150 0.052879 0.019439 0.024898
0.047918 0.158090 0.724349 0.026606 0.011165 0.031872
0.045856 0.127364 0.757687 0.045123 0.006614 0.017357
0.036352 0.150032 0.715591 0.050437 0.008720 0.038868
0.039060 0.140993 0.719809 0.044884 0.009623 0.045631
0.046161 0.152517 0.797445 0.000234 0.003633 0.000010
0.025217 0.135918 0.782660 0.026592 0.029602 0.000010
0.034280 0.180909 0.711591 0.037312 0.007513 0.028395
0.027596 0.141378 0.693272 0.063568 0.038194 0.035991
0.065218 0.116921 0.755029 0.042635 0.000010 0.020187
0.042403 0.163164 0.666228 0.048353 0.010667 0.069184
0.035102 0.132923 0.728641 0.055642 0.005723 0.041969
0.015909 0.148576 0.742798 0.041730 0.007283 0.043703
0.038605 0.123181 0.710529 0.056876 0.015030 0.055779
0.033274 0.146729 0.727728 0.046906 0.012169 0.033194
0.032210 0.167287 0.672855 0.050258 0.020981 0.056410
0.043057 0.165269 0.708959 0.027451 0.019722 0.035541
0.020551 0.171384 0.764288 0.017306 0.001375 0.025097
0.046285 0.173825 0.719994 0.035547 0.000650 0.023698
0.054097 0.132828 0.700676 0.060572 0.000010 0.051816
0.050484 0.151242 0.723588 0.050534 0.015299 0.008852
0.055573 0.162168 0.628077 0.065038 0.015185 0.073960
0.035357 0.152706 0.674314 0.048322 0.022694 0.066607
0.023652 0.156295 0.653783 0.059200 0.018306 0.088765
0.032451 0.172821 0.682917 0.028443 0.034614 0.048754
0.053335 0.158920 0.667574 0.069990 0.009310 0.040872
0.039518 0.155886 0.657108 0.060218 0.030499 0.056771
0.072683 0.142820 0.674154 0.069177 0.000010 0.041156
0.047423 0.134236 0.678543 0.066814 0.021197 0.051787
0.049560 0.163100 0.672528 0.050067 0.018778 0.045967
0.031664 0.175110 0.698178 0.062152 0.015234 0.017662
0.057536 0.158549 0.692146 0.038497 0.006067 0.047204
0.064234 0.155393 0.634706 0.066821 0.014354 0.064492
0.039477 0.174531 0.679663 0.052411 0.016328 0.037590
0.041623 0.167153 0.693114 0.049890 0.010297 0.037922
0.040721 0.172857 0.642365 0.050309 0.014761 0.078987
0.040248 0.159122 0.650540 0.065756 0.013448 0.070886
0.036623 0.161424 0.692893 0.044266 0.016453 0.048341
0.030932 0.159845 0.716140 0.039029 0.012841 0.041213
0.037396 0.154967 0.683595 0.056737 0.023166 0.044140
0.044980 0.153177 0.669359 0.066113 0.014464 0.051908
0.060035 0.135838 0.652187 0.088066 0.011705 0.052169
0.037648 0.156967 0.657361 0.078650 0.013469 0.055905
0.045204 0.180644 0.684162 0.035415 0.012996 0.041579
0.026104 0.175144 0.645178 0.060179 0.026207 0.067188
0.049430 0.142742 0.669474 0.074214 0.004682 0.059458
0.034178 0.178652 0.642920 0.055535 0.013683 0.075032
0.039836 0.148144 0.657202 0.065724 0.013266 0.075828
0.037098 0.168151 0.638419 0.048414 0.032235 0.075683
0.932052 0.019503 0.010132 0.000010 0.036152 0.002151
0.999950 0.000010 0.000010 0.000010 0.000010 0.000010
0.999950 0.000010 0.000010 0.000010 0.000010 0.000010
0.969914 0.008831 0.000010 0.000010 0.021225 0.000010
0.999950 0.000010 0.000010 0.000010 0.000010 0.000010
0.999950 0.000010 0.000010 0.000010 0.000010 0.000010
0.999950 0.000010 0.000010 0.000010 0.000010 0.000010
0.964827 0.013461 0.000010 0.000010 0.021682 0.000010
0.890291 0.012025 0.040842 0.000010 0.041008 0.015824
0.938555 0.000010 0.030056 0.000010 0.002844 0.028526
0.999950 0.000010 0.000010 0.000010 0.000010 0.000010
0.999950 0.000010 0.000010 0.000010 0.000010 0.000010
0.999950 0.000010 0.000010 0.000010 0.000010 0.000010
0.842413 0.010724 0.092584 0.000010 0.043018 0.011251
0.855479 0.020991 0.056886 0.000010 0.053399 0.013235
0.987838 0.000010 0.000010 0.000010 0.012122 0.000010
0.999950 0.000010 0.000010 0.000010 0.000010 0.000010
0.999950 0.000010 0.000010 0.000010 0.000010 0.000010
0.964717 0.000010 0.009978 0.000010 0.025276 0.000010
0.983022 0.000010 0.009179 0.000010 0.006630 0.001150
0.901599 0.000010 0.039524 0.000010 0.058848 0.000010
0.999950 0.000010 0.000010 0.000010 0.000010 0.000010
0.999950 0.000010 0.000010 0.000010 0.000010 0.000010
0.966101 0.010125 0.000010 0.000010 0.011207 0.012546
0.999950 0.000010 0.000010 0.000010 0.000010 0.000010
0.875630 0.004023 0.076822 0.000010 0.043505 0.000010
0.860885 0.000010 0.059188 0.000010 0.054316 0.025590
0.025150 0.144209 0.720152 0.036010 0.020556 0.053923
0.028538 0.095372 0.800549 0.000010 0.024732 0.050800
0.038736 0.151746 0.681867 0.069194 0.022768 0.035689
0.044764 0.134513 0.752459 0.013699 0.015262 0.039303
0.021689 0.169425 0.722873 0.048661 0.016418 0.020934
0.039014 0.102064 0.803948 0.000010 0.010389 0.044575
0.027595 0.160861 0.683124 0.057430 0.030909 0.040083
0.032275 0.171777 0.650841 0.065076 0.020209 0.059822
0.036884 0.120383 0.722446 0.055262 0.021630 0.043395
0.020042 0.159724 0.740295 0.006030 0.018854 0.055056
0.024729 0.118991 0.809752 0.000415 0.015202 0.030911
0.038278 0.076081 0.847303 0.000010 0.010055 0.028273
0.020109 0.143040 0.723728 0.042203 0.015703 0.055217
0.042642 0.140266 0.676463 0.060625 0.020378 0.059626
0.036098 0.127800 0.702197 0.039523 0.022166 0.072216
0.030392 0.160420 0.696004 0.045805 0.012193 0.055186
0.031684 0.134907 0.639402 0.087779 0.018418 0.087810
0.046080 0.151378 0.665849 0.056729 0.025022 0.054942
0.015978 0.166257 0.636767 0.054641 0.069822 0.056535
0.012724 0.155282 0.677389 0.062146 0.059132 0.033328
0.008148 0.142416 0.684742 0.053425 0.064058 0.047211
0.017300 0.176019 0.655805 0.055218 0.047995 0.047662
0.030565 0.154830 0.642797 0.048176 0.056299 0.067333
0.011859 0.128524 0.665920 0.047872 0.056862 0.088962
0.000010 0.141115 0.673063 0.074063 0.060828 0.050922
0.028336 0.137044 0.723277 0.057590 0.012321 0.041434
0.040228 0.129654 0.691889 0.051855 0.011056 0.075318
0.028652 0.138710 0.663897 0.081339 0.019660 0.067743
0.039796 0.123087 0.732339 0.060274 0.022913 0.021590
0.039774 0.181444 0.638342 0.046165 0.030382 0.063894
0.047217 0.152807 0.676038 0.052121 0.015716 0.056101
0.057368 0.167332 0.663283 0.036953 0.017767 0.057297
0.019076 0.162457 0.704804 0.044231 0.008366 0.061067
0.035095 0.134387 0.673717 0.060501 0.003628 0.092672
0.054993 0.138288 0.725375 0.046883 0.000010 0.034451
0.037415 0.139807 0.711769 0.057386 0.019780 0.033844
0.017393 0.130122 0.694659 0.055124 0.021729 0.080972
0.023537 0.156698 0.689247 0.070332 0.012883 0.047304
0.048785 0.140748 0.654299 0.054123 0.028396 0.073649
0.061155 0.126214 0.711678 0.060985 0.018605 0.021363
0.053100 0.157391 0.651712 0.048605 0.023094 0.066098
0.047776 0.145632 0.702695 0.059828 0.004408 0.039660
0.061444 0.157760 0.717449 0.031924 0.004195 0.027229
0.026477 0.142091 0.708048 0.057459 0.019123 0.046802
0.035193 0.124399 0.687583 0.052380 0.017720 0.082726
0.034364 0.152346 0.663298 0.048827 0.010249 0.090917
0.033794 0.157389 0.657618 0.064103 0.007667 0.079429
0.039000 0.155429 0.688637 0.060822 0.017869 0.038243
0.035592 0.137513 0.658742 0.083531 0.019670 0.064953
0.021687 0.171523 0.710461 0.048135 0.028140 0.020054
0.028921 0.153374 0.690254 0.068893 0.014739 0.043820
0.031690 0.140645 0.724475 0.031659 0.020552 0.050978
0.046149 0.155682 0.662889 0.040731 0.017055 0.077494
0.033700 0.143003 0.706268 0.071966 0.011907 0.033156
0.029248 0.164552 0.697994 0.031256 0.017360 0.059591
0.023029 0.173287 0.694615 0.069858 0.026815 0.012396
0.030819 0.141347 0.731515 0.060739 0.018937 0.016643
0.032073 0.152342 0.686510 0.051479 0.014169 0.063428
0.039146 0.154329 0.652351 0.052690 0.021017 0.080467
0.042430 0.172992 0.650954 0.051482 0.026121 0.056021
0.053063 0.150030 0.664591 0.056120 0.023692 0.052503
0.039855 0.172645 0.690439 0.045931 0.018119 0.033011
0.045330 0.173739 0.662826 0.045050 0.022214 0.050841
0.038385 0.145669 0.644408 0.074637 0.024283 0.072618
0.040193 0.165627 0.693370 0.046293 0.015459 0.039057
0.042523 0.194048 0.666447 0.061296 0.005985 0.029702
0.071142 0.169779 0.647635 0.063763 0.010838 0.036844
0.038456 0.146149 0.683906 0.062231 0.014701 0.054556
0.060720 0.111536 0.723686 0.060182 0.000010 0.043866
0.036714 0.145549 0.692635 0.061541 0.029301 0.034260
0.031862 0.184166 0.622883 0.054476 0.021465 0.085149
0.040903 0.142259 0.681859 0.057554 0.017506 0.059919
0.073837 0.179912 0.678007 0.045701 0.000010 0.022533
0.038157 0.139767 0.723035 0.044661 0.005309 0.049073
0.045358 0.161312 0.673351 0.044785 0.009314 0.065880
0.052931 0.164573 0.642440 0.075317 0.008775 0.055964
0.052652 0.153751 0.678860 0.061122 0.007880 0.045735
0.050844 0.165942 0.677871 0.068785 0.000010 0.036549
0.029384 0.162547 0.645313 0.090224 0.012988 0.059544
0.038849 0.174646 0.649606 0.053979 0.004862 0.078057
0.029079 0.169181 0.640746 0.064279 0.033866 0.062849
0.055655 0.149511 0.694934 0.025130 0.018659 0.056111
0.056783 0.206324 0.643798 0.046770 0.014352 0.031973
0.040070 0.139155 0.713285 0.054033 0.008885 0.044572
0.036213 0.149945 0.660207 0.087646 0.010428 0.055561
0.049629 0.153116 0.690056 0.046341 0.003886 0.056971
0.008981 0.176471 0.699456 0.057472 0.030221 0.027399
0.021316 0.144687 0.671595 0.048508 0.054514 0.059380
0.037824 0.145560 0.673491 0.038452 0.061307 0.043366
0.007077 0.166501 0.679550 0.037233 0.064839 0.044800
0.009948 0.164088 0.655557 0.042833 0.064042 0.063531
0.000010 0.146977 0.670691 0.053791 0.058134 0.070397
0.023658 0.132947 0.676283 0.034775 0.063594 0.068743
0.020511 0.159453 0.653748 0.044375 0.046807 0.075105
0.000010 0.157963 0.658302 0.061004 0.072341 0.050380
0.031150 0.156781 0.647057 0.051340 0.057847 0.055825
0.003513 0.169187 0.678306 0.027287 0.080050 0.041655
0.031754 0.138280 0.652463 0.045798 0.074751 0.056953
0.031451 0.154230 0.688326 0.048747 0.019645 0.057601
0.022432 0.157623 0.688717 0.042646 0.029495 0.059087
0.057596 0.135047 0.678460 0.058637 0.018335 0.051924
0.052382 0.173812 0.681460 0.041944 0.000010 0.050390
0.066342 0.179414 0.674858 0.048513 0.000010 0.030863
0.046056 0.177322 0.626346 0.059859 0.011227 0.079191
0.026843 0.141703 0.735810 0.032822 0.028352 0.034470
0.048620 0.127729 0.701748 0.062280 0.018691 0.040931
0.037790 0.160831 0.681520 0.042205 0.000010 0.077644
0.057486 0.121531 0.734129 0.051516 0.000010 0.035328
0.029922 0.152985 0.672351 0.052925 0.030938 0.060879
0.055396 0.157601 0.649208 0.054245 0.010882 0.072668
0.030939 0.166532 0.703815 0.037610 0.022227 0.038878
0.050094 0.164066 0.671752 0.047120 0.032089 0.034878
0.048126 0.154096 0.658407 0.054665 0.021210 0.063498
0.048066 0.141843 0.667032 0.056518 0.021666 0.064875
0.050909 0.167836 0.655733 0.057512 0.009021 0.058989
0.046022 0.175252 0.661497 0.042176 0.008254 0.066799
0.023208 0.117927 0.738029 0.060027 0.022958 0.037852
0.034286 0.161947 0.703608 0.063784 0.009047 0.027329
0.035960 0.140768 0.667683 0.073541 0.004028 0.078021
0.043116 0.153738 0.677216 0.072426 0.018365 0.035139
0.040522 0.159696 0.704002 0.055781 0.030419 0.009580
0.044607 0.121632 0.691429 0.082388 0.001898 0.058046
0.033133 0.167912 0.666921 0.059690 0.023813 0.048532
0.053064 0.153017 0.664910 0.078834 0.018122 0.032053
0.057768 0.161889 0.637041 0.066908 0.016363 0.060030
0.050551 0.173594 0.670736 0.055418 0.000010 0.049691
0.038265 0.170365 0.674402 0.057340 0.015110 0.044517
0.029942 0.162324 0.657885 0.068041 0.022233 0.059575
0.029475 0.175741 0.641035 0.075555 0.023418 0.054774
0.056595 0.168396 0.638209 0.055107 0.021546 0.060148
0.027468 0.140811 0.674093 0.068547 0.028122 0.060959
0.034975 0.180758 0.645442 0.056934 0.018382 0.063509
0.047162 0.170627 0.643460 0.056407 0.013924 0.068420
0.047495 0.141398 0.668530 0.077618 0.004200 0.060758
0.034202 0.177363 0.641585 0.069893 0.017918 0.059040
0.042522 0.167972 0.672119 0.059146 0.017714 0.040526
0.031249 0.174416 0.672932 0.061130 0.025792 0.034481
0.044577 0.166982 0.670729 0.058792 0.019940 0.038980
0.040600 0.161069 0.667383 0.049834 0.025052 0.056063
0.030567 0.156373 0.657039 0.044329 0.015177 0.096516
0.040983 0.173903 0.697925 0.052846 0.021155 0.013189
0.035310 0.171446 0.626387 0.061128 0.023836 0.081893
0.018017 0.161887 0.708443 0.045662 0.024140 0.041851
0.051314 0.182677 0.654625 0.056419 0.013402 0.041563
0.032245 0.149021 0.663099 0.060874 0.020871 0.073890
0.040040 0.154446 0.663177 0.062488 0.020886 0.058963
0.044227 0.153405 0.697048 0.032030 0.015490 0.057800
0.065950 0.126977 0.744374 0.021975 0.024649 0.016075
0.034022 0.141611 0.749159 0.046934 0.005903 0.022370
0.052757 0.147644 0.756906 0.035362 0.000010 0.007320
0.042526 0.128957 0.713594 0.059964 0.032556 0.022403
0.049835 0.137118 0.737555 0.055210 0.005973 0.014308
0.059079 0.150491 0.670271 0.085009 0.004454 0.030695
0.043545 0.143962 0.733695 0.041954 0.020560 0.016285
0.050548 0.134482 0.706905 0.060248 0.018122 0.029695
0.044448 0.122080 0.698051 0.049937 0.024394 0.061090
0.049113 0.147314 0.712933 0.065428 0.007389 0.017822
0.028919 0.167312 0.706827 0.069166 0.016889 0.010887
0.044876 0.147533 0.699100 0.063541 0.012449 0.032500
0.024912 0.152594 0.765335 0.035603 0.020754 0.000801
0.034917 0.130757 0.739473 0.041918 0.014931 0.038003
0.017643 0.175404 0.701211 0.055458 0.022820 0.027463
0.042604 0.165350 0.696950 0.044700 0.022397 0.027999
0.061651 0.173806 0.678964 0.027737 0.010607 0.047235
0.054780 0.154570 0.683371 0.092468 0.002445 0.012366
0.037016 0.167468 0.654050 0.057856 0.010830 0.072779
0.035897 0.154964 0.676563 0.069027 0.011354 0.052194
0.058838 0.157328 0.685306 0.049891 0.008116 0.040521
0.040496 0.170330 0.641735 0.059923 0.026041 0.061474
0.035409 0.166290 0.679734 0.048995 0.016897 0.052676
0.057652 0.153226 0.634084 0.079772 0.004479 0.070788
0.036906 0.148016 0.665534 0.067320 0.012928 0.069295
0.033743 0.142971 0.677749 0.071551 0.019994 0.053991
0.054816 0.147305 0.663452 0.076853 0.000010 0.057564
0.019694 0.171551 0.651290 0.073051 0.033277 0.051136
0.032687 0.169523 0.654932 0.031744 0.019064 0.092049
0.052858 0.173617 0.670804 0.026834 0.024890 0.050997
0.018628 0.150966 0.674798 0.078615 0.030892 0.046101
0.039399 0.185509 0.675804 0.057391 0.008718 0.033180
0.037765 0.146903 0.693335 0.072318 0.017109 0.032569
0.017141 0.181841 0.677369 0.052228 0.033471 0.037950
0.051541 0.161069 0.675222 0.048518 0.003770 0.059880
0.028971 0.159608 0.641338 0.054003 0.018983 0.097096
0.043036 0.172088 0.651204 0.059841 0.006529 0.067302
0.070433 0.204149 0.648648 0.034969 0.022269 0.019533
0.040365 0.161610 0.700746 0.014347 0.009513 0.073419
0.038973 0.161175 0.673296 0.069880 0.026157 0.030519
0.037981 0.177309 0.674126 0.037906 0.019616 0.053063
0.027234 0.175854 0.649989 0.052250 0.025000 0.069672
0.042903 0.154294 0.696930 0.047215 0.014612 0.044046
0.034789 0.178610 0.696630 0.028206 0.011278 0.050487
0.025994 0.161643 0.673777 0.047915 0.041218 0.049453
0.044771 0.148034 0.670299 0.067166 0.008182 0.061548
0.044656 0.168545 0.647913 0.067882 0.018756 0.052249
0.043600 0.163178 0.703685 0.036896 0.000010 0.052631
0.033377 0.154891 0.674379 0.055984 0.029112 0.052258
0.029348 0.180411 0.624799 0.061397 0.021893 0.082153
0.048639 0.153098 0.669168 0.070662 0.011855 0.046578
0.010123 0.173267 0.692415 0.037176 0.021355 0.065663
0.035299 0.151439 0.703984 0.033460 0.026372 0.049447
0.028888 0.173371 0.676109 0.048740 0.028016 0.044875
0.038612 0.164509 0.661820 0.044164 0.008448 0.082447
0.050043 0.139446 0.665525 0.066778 0.025554 0.052655
0.039632 0.146450 0.699416 0.059492 0.016978 0.038033
0.070729 0.126290 0.679068 0.057011 0.004509 0.062394
0.067276 0.169847 0.638615 0.038151 0.016894 0.069216
0.049780 0.125843 0.701494 0.066411 0.009272 0.047200
0.041830 0.145800 0.664588 0.060641 0.017130 0.070011
0.068267 0.167526 0.651981 0.050367 0.000010 0.061848
0.019772 0.158441 0.670527 0.066501 0.018409 0.066350
0.047013 0.170773 0.655560 0.039476 0.011528 0.075650
0.034241 0.158156 0.694284 0.077936 0.030493 0.004891
0.037633 0.093800 0.620302 0.186150 0.012640 0.049476
0.028607 0.113269 0.603631 0.166210 0.015273 0.073010
0.040701 0.107259 0.635225 0.169945 0.013676 0.033193
0.028602 0.110837 0.635587 0.164318 0.020802 0.039854
0.029384 0.095668 0.610948 0.206626 0.003925 0.053448
0.048648 0.129479 0.629302 0.165654 0.000010 0.026907
0.023345 0.130737 0.601158 0.173747 0.023633 0.047379
0.033356 0.114392 0.650838 0.159966 0.010954 0.030494
0.026178 0.139353 0.604052 0.169757 0.010541 0.050119
0.031652 0.131289 0.619759 0.148438 0.014127 0.054735
0.032580 0.103437 0.617162 0.169005 0.004507 0.073309
0.024767 0.125619 0.631036 0.160912 0.018925 0.038742
0.037972 0.106174 0.626080 0.161601 0.008372 0.059800
0.019091 0.120741 0.629808 0.171237 0.019674 0.039449
0.020471 0.128909 0.637165 0.161514 0.018783 0.033158
0.019882 0.045515 0.675317 0.226408 0.002981 0.029897
0.030288 0.111211 0.646246 0.158141 0.016830 0.037285
0.028215 0.113613 0.593705 0.181313 0.023416 0.059739
0.041514 0.122084 0.611590 0.166630 0.018829 0.039353
0.032182 0.068435 0.665979 0.215601 0.007058 0.010746
0.042910 0.124767 0.610674 0.164403 0.018857 0.038389
0.037842 0.084337 0.649163 0.153947 0.011572 0.063138
0.018136 0.121561 0.612293 0.174182 0.012813 0.061016
0.029127 0.128821 0.596526 0.192724 0.005122 0.047680
0.053650 0.087681 0.606391 0.180126 0.000010 0.072141
0.045736 0.119623 0.597267 0.172759 0.000010 0.064605
0.042065 0.108325 0.568084 0.200500 0.004276 0.076750
0.036057 0.090305 0.632329 0.163888 0.004674 0.072747
0.022889 0.107040 0.615766 0.154623 0.015603 0.084080
0.032683 0.075167 0.617563 0.200443 0.016047 0.058097
0.029483 0.120079 0.623798 0.167484 0.012479 0.046677
0.032289 0.126655 0.613707 0.170972 0.008450 0.047927
0.029035 0.090634 0.627580 0.174595 0.024264 0.053893
0.041708 0.117869 0.618286 0.166389 0.010617 0.045132
0.034301 0.102857 0.629590 0.157486 0.005241 0.070525
0.038221 0.099900 0.615959 0.188695 0.010266 0.046958
0.036792 0.124651 0.606054 0.172605 0.012616 0.047281
0.033761 0.088884 0.606766 0.206700 0.014716 0.049174
0.020148 0.094112 0.625265 0.197784 0.023571 0.039119
0.035254 0.100477 0.630620 0.182357 0.011113 0.040179
0.046684 0.096679 0.597800 0.193705 0.007947 0.057184
0.037462 0.135073 0.633836 0.138852 0.007235 0.047542
0.014980 0.066987 0.671273 0.205927 0.006864 0.033968
0.033800 0.089156 0.658489 0.200056 0.003622 0.014877
0.021648 0.115716 0.606410 0.171394 0.015760 0.069071
0.007799 0.099393 0.659561 0.172331 0.022448 0.038468
0.048983 0.119643 0.632687 0.148272 0.015381 0.035033
0.038221 0.137835 0.623405 0.129195 0.013099 0.058245
0.060626 0.143612 0.734189 0.056848 0.003433 0.001292
0.031707 0.171974 0.684609 0.060065 0.006389 0.045256
0.041030 0.141570 0.725699 0.035199 0.010629 0.045872
0.058791 0.171984 0.680503 0.051374 0.012162 0.025187
0.024237 0.140174 0.745203 0.028140 0.025925 0.036322
0.040224 0.165375 0.688879 0.048920 0.010745 0.045856
0.015682 0.149405 0.748621 0.023934 0.024983 0.037374
0.043802 0.148784 0.717875 0.044012 0.019496 0.026030
0.032858 0.142356 0.711115 0.025698 0.020737 0.067236
0.045430 0.174237 0.659348 0.060318 0.004508 0.056158
0.029068 0.156027 0.747775 0.047902 0.002289 0.016940
0.060429 0.149519 0.721229 0.058060 0.001251 0.009512
0.031557 0.165713 0.729793 0.027501 0.005104 0.040331
0.058677 0.153268 0.701596 0.041144 0.016957 0.028359
0.061000 0.149771 0.681581 0.044303 0.005040 0.058305
0.055549 0.148627 0.672005 0.074774 0.000340 0.048705
0.036269 0.149368 0.703507 0.057319 0.023748 0.029789
0.043925 0.131135 0.715996 0.047593 0.015456 0.045895
0.030539 0.174129 0.711307 0.027678 0.006146 0.050201
0.051956 0.158529 0.686872 0.052989 0.003888 0.045766
0.022296 0.158977 0.674226 0.063384 0.016176 0.064941
0.044396 0.131752 0.697356 0.031496 0.015159 0.079842
0.040891 0.162219 0.685601 0.074539 0.006260 0.030490
0.039189 0.166038 0.686775 0.065478 0.010121 0.032400
0.045240 0.157521 0.696176 0.040340 0.021528 0.039195
0.047400 0.156654 0.636893 0.061494 0.013659 0.083900
0.042022 0.167721 0.659226 0.079969 0.011152 0.039910
0.062713 0.158887 0.648561 0.071566 0.008949 0.049323
0.056126 0.178507 0.631480 0.077427 0.015672 0.040787
0.049205 0.156685 0.668482 0.066375 0.018479 0.040773
0.046629 0.154359 0.663449 0.053416 0.016213 0.065934
0.034863 0.162867 0.670432 0.059322 0.009333 0.063183
0.042746 0.149028 0.707719 0.047316 0.008506 0.044687
0.031498 0.177337 0.646952 0.066902 0.010951 0.066359
0.036561 0.152897 0.678735 0.062454 0.015216 0.054137
0.028155 0.154001 0.665132 0.060925 0.029093 0.062695
0.036914 0.203254 0.633363 0.069106 0.006297 0.051067
0.030665 0.155498 0.669012 0.070879 0.021782 0.052163
0.044124 0.150244 0.673283 0.051318 0.014135 0.066895
