0.759201 0.058108 0.150764 0.031927
0.746996 0.033623 0.169994 0.049387
0.775781 0.045744 0.151841 0.026635
0.780003 0.055953 0.132012 0.032032
0.741457 0.067902 0.156093 0.034548
0.728130 0.087562 0.161651 0.022658
0.763836 0.085714 0.125044 0.025406
0.756007 0.064482 0.148667 0.030844
0.754323 0.071298 0.163215 0.011165
0.741512 0.056468 0.164025 0.037996
0.742852 0.074745 0.159685 0.022718
0.732609 0.073727 0.171787 0.021877
0.725300 0.068643 0.157153 0.048904
0.750896 0.048022 0.175560 0.025521
0.733286 0.072359 0.140478 0.053877
0.739507 0.067056 0.131279 0.062158
0.712957 0.069890 0.165331 0.051822
0.717687 0.072538 0.141066 0.068710
0.652784 0.072781 0.235076 0.039360
0.647193 0.058485 0.287105 0.007218
0.636293 0.070229 0.276908 0.016570
0.652925 0.064653 0.251341 0.031081
0.634916 0.091861 0.239195 0.034028
0.653124 0.045685 0.281960 0.019231
0.633906 0.049548 0.280871 0.035674
0.688748 0.069246 0.233840 0.008166
0.647553 0.054216 0.257764 0.040468
0.610801 0.064581 0.295105 0.029513
0.640578 0.053218 0.283277 0.022927
0.636829 0.028756 0.291198 0.043216
0.634064 0.064615 0.265349 0.035972
0.631754 0.078666 0.260529 0.029051
0.658063 0.062455 0.263066 0.016416
0.627784 0.086371 0.272631 0.013214
0.616370 0.076896 0.297128 0.009606
0.629188 0.076313 0.281933 0.012567
0.614366 0.080976 0.281803 0.022855
0.650165 0.063871 0.263758 0.022207
0.647668 0.069680 0.267264 0.015389
0.615979 0.036897 0.300759 0.046364
0.631969 0.041329 0.301876 0.024826
0.641928 0.096341 0.232371 0.029360
0.659144 0.065481 0.274337 0.001038
0.662926 0.038878 0.258517 0.039680
0.656649 0.060862 0.257514 0.024975
0.660798 0.051221 0.267331 0.020649
0.635431 0.113269 0.135650 0.115650
0.651789 0.091360 0.130494 0.126358
0.666281 0.087436 0.119283 0.126999
0.648616 0.086873 0.125655 0.138855
0.031218 0.918564 0.019397 0.030821
0.032860 0.916501 0.029452 0.021187
0.003857 0.941670 0.034894 0.019579
0.046818 0.939019 0.014153 0.000010
0.003587 0.957252 0.018529 0.020632
0.009099 0.972285 0.008907 0.009710
0.067139 0.890422 0.019209 0.023230
0.000010 0.978906 0.000010 0.021074
0.100411 0.866023 0.014768 0.018798
0.000010 0.947284 0.031946 0.020760
0.055028 0.932872 0.012091 0.000010
0.024411 0.950802 0.014277 0.010510
0.060386 0.909758 0.018657 0.011198
0.000010 0.999970 0.000010 0.000010
0.000010 0.999970 0.000010 0.000010
0.015914 0.961535 0.017729 0.004822
0.000010 0.999970 0.000010 0.000010
0.043691 0.947969 0.001231 0.007109
0.000010 0.999970 0.000010 0.000010
0.778107 0.059124 0.137306 0.025463
0.774073 0.080003 0.116858 0.029065
0.746242 0.050458 0.165755 0.037545
0.786986 0.053271 0.158007 0.001736
0.778520 0.043451 0.160225 0.017805
0.769387 0.027411 0.174264 0.028938
0.789855 0.039382 0.144096 0.026667
0.766007 0.061166 0.145629 0.027199
0.744179 0.087661 0.146047 0.022114
0.763352 0.067643 0.143038 0.025966
0.800248 0.033081 0.149451 0.017220
0.764127 0.066678 0.124756 0.044439
0.746924 0.075983 0.154333 0.022760
0.760163 0.060014 0.140329 0.039494
0.768075 0.035825 0.182640 0.013460
0.765051 0.079437 0.138477 0.017035
0.739361 0.067676 0.159179 0.033784
0.752928 0.064960 0.153611 0.028501
0.732654 0.089449 0.122180 0.055717
0.745345 0.086998 0.154487 0.013169
0.779111 0.037366 0.140863 0.042660
0.739508 0.073921 0.136964 0.049607
0.749499 0.049552 0.149343 0.051606
0.732880 0.067727 0.160317 0.039075
0.744563 0.053814 0.167597 0.034025
0.799273 0.053069 0.135759 0.011899
0.768948 0.042977 0.140958 0.047117
0.796415 0.059871 0.134505 0.009209
0.743672 0.040365 0.161068 0.054895
0.746195 0.080235 0.124756 0.048815
0.762849 0.045710 0.170164 0.021277
0.747778 0.079655 0.140607 0.031960
0.740647 0.079144 0.159744 0.020466
0.783824 0.057480 0.131926 0.026769
0.786610 0.039513 0.159525 0.014352
0.786932 0.036963 0.145220 0.030885
0.773431 0.058134 0.130354 0.038080
0.783099 0.051625 0.145154 0.020122
0.745062 0.062432 0.156328 0.036178
0.766514 0.055180 0.165372 0.012934
0.786066 0.043218 0.170060 0.000657
0.753061 0.085148 0.140523 0.021268
0.705815 0.079643 0.165549 0.048993
0.751861 0.057971 0.158528 0.031640
0.778455 0.050626 0.145336 0.025583
0.743869 0.082866 0.150281 0.022984
0.820695 0.016915 0.137144 0.025247
0.740046 0.083193 0.152642 0.024119
0.751558 0.075199 0.142334 0.030909
0.781600 0.057219 0.138908 0.022273
0.795468 0.002720 0.160513 0.041299
0.748103 0.064497 0.156130 0.031270
0.743819 0.067132 0.151761 0.037288
0.749218 0.068248 0.126640 0.055894
0.768391 0.063048 0.134955 0.033606
0.786753 0.035020 0.170580 0.007647
0.767530 0.061238 0.137412 0.033820
0.743088 0.097994 0.137271 0.021647
0.739560 0.076937 0.165229 0.018274
0.772733 0.056935 0.148359 0.021974
0.777474 0.057788 0.133076 0.031662
0.740877 0.074001 0.155000 0.030122
0.778230 0.055175 0.130926 0.035669
0.803948 0.039133 0.136461 0.020457
0.758571 0.053459 0.147285 0.040685
0.744004 0.052086 0.152073 0.051837
0.767626 0.050090 0.152494 0.029790
0.723498 0.091607 0.141283 0.043611
0.778950 0.034937 0.148733 0.037381
0.748748 0.050883 0.146699 0.053670
0.746781 0.067004 0.152481 0.033734
0.783915 0.055976 0.129352 0.030756
0.820441 0.040162 0.125958 0.013439
0.789950 0.042693 0.136319 0.031038
0.758099 0.070453 0.145463 0.025985
0.773681 0.054346 0.166402 0.005571
0.000010 0.000010 0.000010 0.999970
0.000010 0.000010 0.000010 0.999970
0.000010 0.000010 0.000010 0.999970
0.000010 0.000010 0.000010 0.999970
0.000010 0.000010 0.000010 0.999970
0.000010 0.000010 0.000010 0.999970
0.000010 0.000010 0.000010 0.999970
0.000010 0.000010 0.000010 0.999970
0.000010 0.000010 0.000010 0.999970
0.709051 0.091712 0.158597 0.040640
0.706113 0.070881 0.155697 0.067309
0.734693 0.057703 0.135377 0.072227
0.748508 0.055425 0.128138 0.067929
0.744283 0.047666 0.140749 0.067302
0.746551 0.058540 0.136336 0.058573
0.705853 0.064840 0.164136 0.065171
0.760163 0.025913 0.156545 0.057380
0.738672 0.054416 0.146473 0.060439
0.680010 0.087947 0.166180 0.065863
0.686553 0.079699 0.144452 0.089297
0.704546 0.082526 0.157238 0.055689
0.726148 0.053039 0.148556 0.072258
0.787918 0.057197 0.115289 0.039596
0.795819 0.039379 0.137938 0.026864
0.818719 0.028798 0.119599 0.032884
0.786190 0.059818 0.122927 0.031065
0.789625 0.061963 0.128495 0.019917
0.848819 0.049667 0.091384 0.010130
0.854797 0.033693 0.089136 0.022374
0.744726 0.078049 0.146453 0.030772
0.780797 0.065699 0.115190 0.038314
0.798169 0.034359 0.134678 0.032794
0.790124 0.039037 0.144820 0.026018
0.769416 0.066632 0.131108 0.032843
0.815361 0.042022 0.106451 0.036166
0.792927 0.078500 0.109223 0.019351
0.791426 0.051305 0.132971 0.024299
0.781643 0.038166 0.139496 0.040695
0.850130 0.025479 0.102190 0.022201
0.814502 0.041842 0.124903 0.018752
0.775352 0.055205 0.128536 0.040907
0.441118 0.063707 0.463266 0.031909
0.000010 0.000010 0.999970 0.000010
0.015218 0.022687 0.962085 0.000010
0.140380 0.000010 0.859600 0.000010
0.127803 0.017672 0.852484 0.002041
0.312133 0.045624 0.604241 0.038002
0.249127 0.016128 0.716769 0.017975
0.280340 0.025042 0.664914 0.029704
0.179234 0.034624 0.778175 0.007968
0.000010 0.000010 0.999970 0.000010
0.000010 0.000010 0.990573 0.009407
0.288282 0.051738 0.654798 0.005182
0.052188 0.010169 0.911153 0.026491
0.355481 0.031678 0.612830 0.000010
0.266359 0.041322 0.687749 0.004570
0.144323 0.053056 0.799870 0.002751
0.266903 0.039369 0.693718 0.000010
0.000010 0.000010 0.999970 0.000010
0.000010 0.000010 0.999970 0.000010
0.274401 0.046322 0.676426 0.002852
0.186689 0.028212 0.767994 0.017106
0.146862 0.786743 0.062708 0.003687
0.090285 0.831051 0.049164 0.029499
0.073215 0.903344 0.023431 0.000010
0.000010 0.988220 0.003872 0.007898
0.061501 0.895283 0.028912 0.014304
0.000010 0.993938 0.000010 0.006042
0.000010 0.953289 0.022203 0.024498
0.053248 0.919068 0.027673 0.000010
0.000615 0.997015 0.000010 0.002360
0.013077 0.915200 0.045444 0.026279
0.101109 0.877726 0.012852 0.008314
0.061905 0.916256 0.004618 0.017221
0.000010 0.999970 0.000010 0.000010
0.023341 0.976639 0.000010 0.000010
0.052942 0.919073 0.002406 0.025579
0.000010 0.999970 0.000010 0.000010
0.013612 0.933928 0.033247 0.019213
0.032192 0.919677 0.027342 0.020789
0.000010 0.999970 0.000010 0.000010
0.071474 0.895107 0.002335 0.031085
0.100083 0.862646 0.037262 0.000010
0.893597 0.000010 0.066926 0.039466
0.836067 0.042844 0.082498 0.038590
0.750466 0.067258 0.140918 0.041357
0.833478 0.061071 0.097813 0.007638
0.936353 0.029925 0.013707 0.020014
0.995126 0.000010 0.000010 0.004854
0.999970 0.000010 0.000010 0.000010
0.832130 0.037548 0.078450 0.051872
0.863487 0.012397 0.093269 0.030847
0.890008 0.001645 0.079212 0.029136
0.840363 0.049290 0.084000 0.026347
0.836095 0.025136 0.128001 0.010769
0.798443 0.057273 0.108793 0.035492
0.976677 0.000010 0.004020 0.019293
0.812196 0.050351 0.095801 0.041652
0.808722 0.033230 0.114616 0.043432
0.793794 0.033795 0.123750 0.048661
0.876084 0.019421 0.079760 0.024734
0.928070 0.011230 0.046037 0.014664
0.913644 0.030458 0.040864 0.015034
0.819872 0.083889 0.093730 0.002509
0.838059 0.037358 0.093341 0.031242
0.870452 0.028331 0.079900 0.021318
0.840147 0.033040 0.099849 0.026964
0.820242 0.037103 0.117509 0.025145
0.836656 0.030272 0.105422 0.027650
0.836356 0.034604 0.110532 0.018509
0.828634 0.043304 0.106285 0.021777
0.806685 0.054314 0.106336 0.032665
0.846331 0.019299 0.111014 0.023356
0.847291 0.044740 0.085245 0.022724
0.882349 0.013205 0.091087 0.013360
0.779106 0.076647 0.116630 0.027617
0.849070 0.040022 0.095355 0.015553
0.834341 0.034064 0.095407 0.036188
0.834330 0.015007 0.103388 0.047274
0.779594 0.065413 0.131644 0.023349
0.794443 0.049969 0.133869 0.021719
0.824704 0.022249 0.130615 0.022433
0.747331 0.052386 0.168259 0.032025
0.750063 0.053884 0.155168 0.040885
0.785683 0.035551 0.144154 0.034612
0.830700 0.023459 0.128763 0.017078
0.797645 0.036382 0.136986 0.028986
0.762852 0.042303 0.154710 0.040135
0.789791 0.049754 0.126553 0.033902
0.791229 0.033110 0.150319 0.025342
0.772955 0.057710 0.149895 0.019439
0.769198 0.064080 0.143319 0.023403
0.849518 0.017942 0.110119 0.022421
0.832189 0.000026 0.137801 0.029984
0.796166 0.047662 0.138368 0.017805
0.744647 0.052791 0.158292 0.044269
0.777136 0.040636 0.149253 0.032974
0.741369 0.086872 0.141242 0.030517
0.767298 0.059648 0.157321 0.015733
0.793957 0.062541 0.143493 0.000010
0.739421 0.073540 0.158112 0.028926
0.782643 0.051264 0.145493 0.020600
0.750397 0.073681 0.144182 0.031740
0.782305 0.054586 0.125007 0.038102
0.832931 0.043017 0.124042 0.000010
0.799172 0.043122 0.137218 0.020488
0.743920 0.069925 0.158006 0.028149
0.778805 0.028651 0.150323 0.042221
0.704714 0.091026 0.154444 0.049816
0.736684 0.084684 0.142787 0.035845
0.721914 0.106367 0.151670 0.020048
0.762742 0.065965 0.125615 0.045678
0.740028 0.058051 0.161952 0.039970
0.726541 0.073428 0.151214 0.048818
0.729848 0.061230 0.165298 0.043624
0.722976 0.068892 0.162469 0.045662
0.748103 0.063513 0.142314 0.046070
0.780325 0.035128 0.159841 0.024706
0.760638 0.065604 0.134595 0.039163
0.706467 0.081347 0.156059 0.056127
0.765055 0.055348 0.146124 0.033473
0.769687 0.056205 0.146440 0.027668
0.729397 0.096468 0.139612 0.034523
0.723114 0.088675 0.156840 0.031372
0.762583 0.065759 0.141975 0.029683
0.783682 0.059106 0.138816 0.018395
0.750191 0.061078 0.150681 0.038050
0.734953 0.069356 0.158998 0.036693
0.701251 0.069868 0.179466 0.049415
0.726569 0.073234 0.171145 0.029052
0.772814 0.059204 0.133444 0.034538
0.731208 0.083895 0.153207 0.031690
0.722093 0.076515 0.169840 0.031551
0.737407 0.091989 0.144349 0.026254
0.715394 0.094120 0.159713 0.030773
0.719323 0.092031 0.139406 0.049240
0.040092 0.022447 0.004279 0.933182
0.000010 0.000010 0.000010 0.999970
0.000010 0.000010 0.000010 0.999970
0.025751 0.023207 0.000010 0.951032
0.021356 0.004529 0.012667 0.961449
0.000010 0.000010 0.000010 0.999970
0.000010 0.000010 0.001896 0.998084
0.022895 0.000771 0.000010 0.976324
0.055646 0.030414 0.008015 0.905924
0.044608 0.039157 0.004895 0.911340
0.000010 0.000010 0.000010 0.999970
0.000010 0.030547 0.000010 0.969433
0.000010 0.000010 0.000010 0.999970
0.091737 0.028344 0.015685 0.864234
0.083047 0.030150 0.002423 0.884380
0.000010 0.000010 0.011266 0.988714
0.000010 0.000010 0.000010 0.999970
0.000010 0.000010 0.000010 0.999970
0.035846 0.011180 0.002885 0.950089
0.011136 0.035659 0.005551 0.947654
0.068057 0.000010 0.000010 0.931923
0.040642 0.000010 0.000010 0.959338
0.000010 0.000010 0.000010 0.999970
0.000010 0.044251 0.009648 0.946091
0.000010 0.000010 0.000010 0.999970
0.082607 0.014689 0.004722 0.897982
0.044098 0.049209 0.011138 0.895555
0.769614 0.073463 0.135320 0.021602
0.803894 0.076635 0.091050 0.028421
0.742937 0.053485 0.164393 0.039186
0.788235 0.060142 0.115948 0.035675
0.798446 0.039400 0.148211 0.013944
0.807732 0.068230 0.102618 0.021419
0.751849 0.056897 0.153563 0.037691
0.733973 0.077634 0.157210 0.031182
0.747519 0.062535 0.155620 0.034326
0.806365 0.074269 0.105044 0.014322
0.827693 0.054781 0.106173 0.011352
0.824926 0.054163 0.099651 0.021260
0.772054 0.074009 0.142477 0.011459
0.726125 0.077633 0.155240 0.041002
0.737569 0.090872 0.136829 0.034730
0.765144 0.072491 0.141676 0.020689
0.688860 0.105312 0.176924 0.028903
0.727710 0.072453 0.151551 0.048286
0.718220 0.069722 0.142180 0.069878
0.743279 0.047488 0.154011 0.055221
0.740389 0.060010 0.143432 0.056168
0.743574 0.062137 0.146701 0.047588
0.713261 0.081123 0.137223 0.068393
0.706705 0.102938 0.139411 0.050945
0.728059 0.064166 0.166800 0.040975
0.763966 0.059283 0.160149 0.016602
0.732436 0.092543 0.147932 0.027089
0.714428 0.085382 0.174378 0.025811
0.759250 0.040555 0.162213 0.037982
0.732285 0.080820 0.137051 0.049844
0.740126 0.073223 0.147319 0.039331
0.742731 0.074513 0.130831 0.051926
0.773134 0.079197 0.143527 0.004143
0.717350 0.110912 0.156199 0.015540
0.769954 0.053161 0.147703 0.029181
0.757257 0.050740 0.159768 0.032235
0.731271 0.099326 0.152928 0.016474
0.754244 0.064839 0.166650 0.014268
0.706650 0.091200 0.146263 0.055888
0.745838 0.039687 0.159829 0.054647
0.721652 0.083069 0.140877 0.054401
0.756414 0.057050 0.157599 0.028937
0.780690 0.046463 0.132611 0.040236
0.756423 0.065140 0.156117 0.022319
0.719699 0.101076 0.148600 0.030626
0.728394 0.109169 0.140406 0.022032
0.727258 0.096763 0.158044 0.017934
0.753308 0.055578 0.158750 0.032364
0.708442 0.082961 0.175588 0.033009
0.788705 0.037935 0.146404 0.026956
0.753602 0.061481 0.165147 0.019770
0.766744 0.069660 0.134396 0.029200
0.732509 0.095633 0.131795 0.040064
0.755929 0.052686 0.170044 0.021341
0.769938 0.076871 0.129071 0.024120
0.776230 0.029399 0.166834 0.027537
0.778462 0.033520 0.163525 0.024492
0.745565 0.081587 0.149491 0.023358
0.721241 0.097001 0.143451 0.038308
0.736536 0.073319 0.142361 0.047784
0.723874 0.070205 0.150746 0.055175
0.771006 0.049969 0.143954 0.035071
0.747114 0.068314 0.138425 0.046146
0.703459 0.090250 0.165030 0.041261
0.769274 0.056747 0.141408 0.032571
0.772599 0.047328 0.154633 0.025439
0.731339 0.053824 0.155593 0.059243
0.738864 0.073503 0.158225 0.029408
0.741987 0.064446 0.158044 0.035524
0.746267 0.052125 0.158427 0.043180
0.724308 0.101482 0.140919 0.033290
0.731790 0.078691 0.153001 0.036518
0.768416 0.041499 0.140980 0.049105
0.771001 0.066742 0.144509 0.017748
0.746455 0.083324 0.138904 0.031317
0.721743 0.072338 0.165369 0.040550
0.745071 0.064260 0.153600 0.037069
0.755028 0.054699 0.164084 0.026189
0.722059 0.076334 0.180308 0.021298
0.737498 0.095179 0.146635 0.020688
0.722335 0.079542 0.155304 0.042818
0.752562 0.075146 0.122524 0.049768
0.764918 0.048800 0.136286 0.049996
0.759311 0.063383 0.153154 0.024151
0.722345 0.072809 0.180984 0.023862
0.751026 0.075785 0.142978 0.030210
0.783764 0.043943 0.154012 0.018281
0.727072 0.072096 0.141273 0.059560
0.730652 0.058449 0.130323 0.080576
0.754653 0.057382 0.129575 0.058390
0.731495 0.077034 0.131083 0.060387
0.727225 0.084469 0.146756 0.041549
0.719981 0.084447 0.127866 0.067706
0.726971 0.088906 0.134175 0.049948
0.731562 0.064891 0.151606 0.051940
0.718670 0.069907 0.140331 0.071092
0.758345 0.054110 0.119660 0.067885
0.705296 0.070074 0.136306 0.088325
0.751884 0.075596 0.144034 0.028486
0.752423 0.075631 0.142373 0.029572
0.721812 0.070070 0.155153 0.052966
0.765244 0.070139 0.139267 0.025351
0.766819 0.049860 0.143259 0.040062
0.718125 0.096034 0.148573 0.037269
0.780393 0.052140 0.136408 0.031059
0.738107 0.057650 0.160465 0.043778
0.754103 0.096745 0.139373 0.009779
0.760613 0.054837 0.153887 0.030664
0.734046 0.078265 0.148408 0.039281
0.719846 0.090412 0.145431 0.044311
0.778652 0.057351 0.134480 0.029517
0.743557 0.052676 0.142874 0.060892
0.727198 0.080709 0.145276 0.046817
0.722693 0.081560 0.148533 0.047214
0.737555 0.075829 0.148692 0.037924
0.747957 0.084814 0.135067 0.032162
0.758931 0.055874 0.163779 0.021416
0.769580 0.046421 0.164420 0.019580
0.719146 0.096365 0.167233 0.017256
0.741264 0.052886 0.166415 0.039436
0.770314 0.027183 0.153990 0.048513
0.722248 0.075000 0.180145 0.022606
0.746282 0.065357 0.152962 0.035399
0.727943 0.048843 0.173641 0.049574
0.714007 0.077426 0.156848 0.051719
0.755392 0.067768 0.149293 0.027546
0.757300 0.061967 0.150375 0.030358
0.732617 0.076744 0.159535 0.031105
0.731684 0.071094 0.165058 0.032163
0.721234 0.077158 0.144518 0.057090
0.725929 0.078173 0.161863 0.034035
0.741074 0.080212 0.146374 0.032341
0.729273 0.085555 0.145570 0.039603
0.721171 0.079613 0.171272 0.027944
0.733636 0.075802 0.159294 0.031268
0.749187 0.058515 0.154108 0.038190
0.757357 0.051471 0.154795 0.036376
0.748772 0.057030 0.152549 0.041650
0.739610 0.073719 0.143319 0.043351
0.726062 0.113424 0.136314 0.024201
0.776674 0.031366 0.152324 0.039636
0.713251 0.098837 0.149534 0.038379
0.776876 0.058807 0.144506 0.019811
0.749542 0.058842 0.148508 0.043109
0.722030 0.090790 0.155462 0.031718
0.728483 0.076484 0.155544 0.039488
0.760694 0.074992 0.128089 0.036225
0.776597 0.035590 0.123668 0.064146
0.790080 0.043450 0.151513 0.014957
0.805040 0.028727 0.140665 0.025568
0.752118 0.039821 0.156201 0.051860
0.778155 0.034636 0.157003 0.030206
0.730945 0.048284 0.180455 0.040316
0.782126 0.035709 0.143935 0.038230
0.751066 0.047625 0.156970 0.044339
0.728868 0.078361 0.146862 0.045909
0.767187 0.036688 0.164217 0.031908
0.779018 0.029010 0.169004 0.022968
0.756676 0.050188 0.159761 0.033376
0.818212 0.019717 0.141721 0.020350
0.774169 0.057971 0.144550 0.023310
0.784611 0.044984 0.152601 0.017804
0.772362 0.045265 0.139634 0.042739
0.761308 0.065945 0.123261 0.049486
0.746324 0.030423 0.189084 0.034169
0.732625 0.090681 0.150298 0.026397
0.740941 0.070130 0.164283 0.024645
0.753461 0.058208 0.144700 0.043631
0.724949 0.077801 0.150987 0.046264
0.757277 0.071316 0.141228 0.030178
0.703720 0.088077 0.168175 0.040028
0.727532 0.086571 0.159176 0.026721
0.732524 0.071331 0.165335 0.030810
0.725437 0.074614 0.169289 0.030660
0.735859 0.066746 0.164696 0.032699
0.737278 0.109485 0.123404 0.029834
0.754656 0.068245 0.121140 0.055960
0.732546 0.063630 0.174900 0.028924
0.771768 0.049809 0.152267 0.026156
0.746947 0.052293 0.169404 0.031355
0.770073 0.054221 0.146276 0.029429
0.746430 0.077858 0.143925 0.031786
0.713671 0.113890 0.144892 0.027548
0.735198 0.085165 0.152805 0.026831
0.767573 0.036752 0.124561 0.071114
0.771687 0.092185 0.109406 0.026721
0.745413 0.047023 0.163991 0.043573
0.761682 0.070464 0.132422 0.035432
0.738274 0.086460 0.144459 0.030806
0.760609 0.062078 0.143320 0.033993
0.783218 0.068625 0.126316 0.021842
0.744527 0.066242 0.143336 0.045895
0.730334 0.080019 0.159845 0.029801
0.730147 0.069475 0.158923 0.041456
0.773395 0.071563 0.135184 0.019857
0.739577 0.069742 0.150122 0.040559
0.720255 0.098541 0.149013 0.032190
0.734256 0.063683 0.164016 0.038045
0.776432 0.083421 0.130749 0.009399
0.763037 0.067983 0.130246 0.038735
0.759672 0.062007 0.141911 0.036410
0.738940 0.100080 0.135461 0.025520
0.715753 0.069108 0.161464 0.053675
0.753891 0.056750 0.157450 0.031909
0.718406 0.079461 0.152273 0.049860
0.723211 0.085806 0.128795 0.062189
0.736807 0.064193 0.164582 0.034418
0.723519 0.086987 0.152792 0.036702
0.734035 0.081025 0.142508 0.042432
0.740083 0.083335 0.159770 0.016811
0.742963 0.092449 0.127709 0.036879
0.761088 0.020523 0.174461 0.043927
0.631123 0.064279 0.275201 0.029396
0.637120 0.088908 0.251249 0.022722
0.656929 0.049595 0.260292 0.033184
0.660287 0.056851 0.255149 0.027713
0.623574 0.070053 0.293831 0.012542
0.676114 0.044685 0.254141 0.025060
0.652387 0.062456 0.258859 0.026298
0.677039 0.047827 0.252224 0.022910
0.660207 0.066722 0.257496 0.015574
0.667210 0.070713 0.237287 0.024790
0.634809 0.090244 0.259041 0.015906
0.670909 0.054456 0.252164 0.022472
0.649691 0.075955 0.249750 0.024604
0.665133 0.055527 0.261660 0.017681
0.678987 0.049624 0.253119 0.018270
0.629794 0.048234 0.321962 0.000010
0.672227 0.054088 0.249429 0.024256
0.626805 0.074908 0.266675 0.031612
0.650996 0.055566 0.253362 0.040076
0.645696 0.028645 0.310494 0.015164
0.653908 0.054186 0.250787 0.041119
0.649621 0.079156 0.244484 0.026740
0.649906 0.077010 0.262801 0.010283
0.645691 0.063640 0.276951 0.013717
0.612555 0.090669 0.266373 0.030403
0.636492 0.081485 0.258995 0.023028
0.598714 0.092414 0.283261 0.025610
0.638576 0.088793 0.253911 0.018720
0.638361 0.100917 0.242331 0.018391
0.610600 0.074964 0.286865 0.027571
0.660131 0.063530 0.256785 0.019554
0.655837 0.064579 0.260239 0.019345
0.637378 0.069594 0.261551 0.031477
0.650549 0.062216 0.255488 0.031747
0.647074 0.088087 0.248028 0.016810
0.632598 0.062868 0.277450 0.027084
0.648684 0.063107 0.260682 0.027527
0.611362 0.066146 0.295326 0.027166
0.636088 0.054642 0.287689 0.021582
0.644123 0.056993 0.274312 0.024572
0.610789 0.074843 0.281020 0.033348
0.683944 0.063784 0.228884 0.023389
0.645322 0.052272 0.302396 0.000010
0.658714 0.032088 0.295499 0.013700
0.640178 0.084956 0.258538 0.016328
0.671815 0.055609 0.264015 0.008561
0.665800 0.052178 0.239988 0.042034
0.677917 0.075057 0.216918 0.030108
0.781178 0.020369 0.161704 0.036749
0.764341 0.062511 0.158756 0.014392
0.772437 0.063105 0.138526 0.025932
0.763320 0.042520 0.145369 0.048790
0.786575 0.053353 0.134108 0.025964
0.764814 0.063244 0.144478 0.027464
0.798118 0.054770 0.131004 0.016108
0.770703 0.044140 0.145695 0.039462
0.759989 0.085538 0.123357 0.031116
0.745266 0.073726 0.153586 0.027422
0.805942 0.034796 0.153892 0.005370
0.773984 0.028926 0.159954 0.037136
0.801477 0.059504 0.127772 0.011247
0.761834 0.046882 0.138603 0.052681
0.743643 0.077160 0.137864 0.041334
0.732398 0.066598 0.169424 0.031581
0.762090 0.046602 0.156017 0.035290
0.753595 0.062330 0.149790 0.034284
0.793178 0.067920 0.126807 0.012095
0.755125 0.063994 0.149136 0.031746
0.743960 0.082380 0.156977 0.016684
0.738556 0.097006 0.128680 0.035758
0.757929 0.049447 0.169100 0.023524
0.759139 0.050512 0.164173 0.026176
0.759523 0.058845 0.137543 0.044089
0.711453 0.101239 0.148952 0.038355
0.738866 0.057038 0.174066 0.030031
0.721095 0.066194 0.163856 0.048856
0.724993 0.057405 0.167576 0.050026
0.736028 0.058201 0.159854 0.045917
0.730425 0.084251 0.144660 0.040664
0.744114 0.081621 0.152845 0.021420
0.762106 0.063560 0.146168 0.028165
0.737200 0.083605 0.157389 0.021807
0.742462 0.071004 0.157264 0.029269
0.733461 0.078960 0.152220 0.035360
0.752277 0.068727 0.156938 0.022058
0.735378 0.070077 0.164517 0.030028
0.736435 0.085175 0.142834 0.035557
