0.009101 0.044846 0.077044 0.546674 0.019717 0.014203 0.032006 0.032735 0.199884 0.023788
0.003767 0.038527 0.097337 0.532787 0.017642 0.043183 0.009293 0.057939 0.181973 0.017552
0.007560 0.048764 0.100624 0.572333 0.021875 0.030335 0.021538 0.031946 0.146853 0.018173
0.007101 0.031079 0.115884 0.585096 0.021995 0.011040 0.033803 0.038226 0.142275 0.013501
0.016132 0.043905 0.088230 0.565316 0.009846 0.027823 0.045723 0.031395 0.160490 0.011141
0.013647 0.051631 0.090285 0.522190 0.014772 0.036849 0.063797 0.019073 0.167625 0.020131
0.016652 0.031599 0.094157 0.566078 0.013796 0.000010 0.061059 0.020484 0.182444 0.013720
0.023042 0.048547 0.072678 0.542866 0.015308 0.009768 0.036605 0.016727 0.214705 0.019755
0.000010 0.022909 0.102868 0.543374 0.009994 0.025942 0.046381 0.023204 0.206127 0.019192
0.014800 0.025967 0.089608 0.563215 0.033102 0.047241 0.033816 0.037561 0.150878 0.003812
0.005513 0.044009 0.086295 0.549997 0.011505 0.030690 0.049576 0.027617 0.167507 0.027291
0.013030 0.040891 0.093678 0.567575 0.003420 0.049416 0.052817 0.021968 0.145883 0.011322
0.010286 0.040986 0.095725 0.575239 0.004546 0.046563 0.047469 0.053382 0.114523 0.011283
0.009447 0.021574 0.135852 0.544256 0.009036 0.049608 0.025868 0.027884 0.168967 0.007507
0.019646 0.052089 0.072035 0.558069 0.015104 0.020127 0.048772 0.045586 0.143593 0.024978
0.040629 0.036326 0.081544 0.517323 0.016706 0.000546 0.043113 0.024462 0.202182 0.037169
0.037141 0.041073 0.078733 0.496300 0.026466 0.045683 0.049314 0.012639 0.163561 0.049090
0.038086 0.057299 0.067841 0.501292 0.026460 0.026082 0.050313 0.031316 0.150891 0.050420
0.016107 0.024431 0.073073 0.381739 0.003684 0.079572 0.045024 0.027667 0.326486 0.022217
0.000010 0.017909 0.001795 0.164266 0.015670 0.049963 0.014917 0.000010 0.719573 0.015886
0.000010 0.010560 0.000010 0.000010 0.008958 0.000010 0.000010 0.000010 0.975348 0.005074
0.005979 0.013224 0.039907 0.170937 0.008507 0.026439 0.029358 0.019470 0.679181 0.006997
0.004927 0.028973 0.037531 0.331141 0.020852 0.072277 0.061802 0.033776 0.397676 0.011046
0.000010 0.018644 0.050838 0.221590 0.009697 0.071920 0.009430 0.016635 0.586432 0.014804
0.021271 0.021627 0.043954 0.322733 0.010811 0.105512 0.022444 0.015649 0.427485 0.008514
0.000010 0.017714 0.093051 0.321546 0.015790 0.053948 0.039216 0.011378 0.423249 0.024098
0.024938 0.043947 0.072696 0.275439 0.025741 0.086682 0.021122 0.015771 0.411309 0.022355
0.000010 0.000010 0.000010 0.000010 0.000010 0.000010 0.000010 0.000010 0.999910 0.000010
0.007343 0.000010 0.000010 0.000010 0.022740 0.000010 0.000010 0.000010 0.961399 0.008458
0.012982 0.032099 0.038576 0.210907 0.001484 0.091992 0.000010 0.029541 0.573695 0.008714
0.015254 0.028912 0.013928 0.231478 0.021520 0.059258 0.026981 0.018720 0.573038 0.010909
0.000010 0.028801 0.019191 0.285203 0.009447 0.068118 0.044986 0.032127 0.508131 0.003986
0.006865 0.018734 0.053098 0.243127 0.022452 0.058680 0.026768 0.007132 0.563132 0.000010
0.000267 0.036098 0.047054 0.223663 0.014027 0.076362 0.053051 0.012272 0.535186 0.002020
0.000010 0.000010 0.000010 0.000010 0.004592 0.000010 0.000010 0.000010 0.995328 0.000010
0.000010 0.015718 0.029403 0.000010 0.000010 0.000010 0.023731 0.000010 0.931088 0.000010
0.000010 0.012734 0.027554 0.147391 0.019519 0.056732 0.045212 0.019199 0.667793 0.003855
0.000010 0.018051 0.015918 0.163689 0.013786 0.032238 0.017415 0.017156 0.703610 0.018127
0.006017 0.043149 0.022988 0.331711 0.011649 0.079808 0.036611 0.012954 0.455103 0.000010
0.020794 0.002776 0.045901 0.074610 0.000010 0.052875 0.000010 0.013363 0.776932 0.012729
0.000010 0.000010 0.000010 0.000010 0.000010 0.000010 0.000010 0.000010 0.999910 0.000010
0.016848 0.026747 0.073646 0.327918 0.022590 0.073317 0.068310 0.015614 0.363103 0.011907
0.000372 0.024519 0.020384 0.155724 0.019881 0.040674 0.023060 0.000010 0.711094 0.004282
0.014796 0.037256 0.061466 0.332252 0.005059 0.077198 0.008757 0.027573 0.435633 0.000010
0.012276 0.007274 0.051132 0.259208 0.014276 0.048646 0.030856 0.010440 0.565882 0.000010
0.001003 0.027259 0.062257 0.275028 0.017381 0.067897 0.015878 0.021485 0.511804 0.000010
0.000010 0.000010 0.000010 0.000010 0.000010 0.000010 0.000010 0.000010 0.000010 0.999910
0.000010 0.000010 0.000010 0.000010 0.000010 0.000010 0.000010 0.000010 0.000010 0.999910
0.000010 0.000010 0.000010 0.000010 0.000010 0.000010 0.000010 0.000010 0.000010 0.999910
0.000010 0.000010 0.000010 0.000010 0.000010 0.000010 0.000010 0.000010 0.000010 0.999910
0.000010 0.014439 0.001235 0.029512 0.011049 0.019859 0.892426 0.031451 0.000010 0.000010
0.000010 0.027464 0.000010 0.022863 0.000010 0.021764 0.893141 0.022040 0.004155 0.008542
0.012183 0.008492 0.018677 0.000010 0.000010 0.001592 0.892644 0.000010 0.066372 0.000010
0.000010 0.031203 0.000010 0.000010 0.009320 0.000566 0.913596 0.000010 0.045264 0.000010
0.006981 0.004177 0.000010 0.000010 0.016740 0.012454 0.929392 0.011684 0.018542 0.000010
0.000010 0.006933 0.000010 0.000010 0.009336 0.007801 0.944899 0.014067 0.011031 0.005902
0.000010 0.007382 0.000010 0.061666 0.000010 0.000377 0.868262 0.027909 0.034364 0.000010
0.011024 0.044299 0.000010 0.000010 0.000010 0.000010 0.941550 0.003068 0.000010 0.000010
0.000010 0.008084 0.010061 0.066653 0.006251 0.000010 0.842488 0.024712 0.039519 0.002211
0.004017 0.000010 0.021282 0.000010 0.000010 0.030336 0.925696 0.015885 0.000010 0.002745
0.000010 0.000010 0.000010 0.045723 0.015782 0.000020 0.905651 0.000010 0.032774 0.000010
0.010841 0.011590 0.029901 0.000010 0.006010 0.017091 0.924528 0.000010 0.000010 0.000010
0.002141 0.003193 0.017078 0.017148 0.003945 0.001871 0.887540 0.008683 0.055973 0.002428
0.000010 0.000010 0.000010 0.000010 0.000010 0.000010 0.999910 0.000010 0.000010 0.000010
0.000010 0.000010 0.000010 0.000010 0.000010 0.000010 0.999910 0.000010 0.000010 0.000010
0.002512 0.027028 0.002476 0.000010 0.016550 0.016612 0.934643 0.000150 0.000010 0.000010
0.000010 0.000010 0.000010 0.000010 0.000010 0.000010 0.999910 0.000010 0.000010 0.000010
0.006214 0.023432 0.000010 0.000010 0.007792 0.000010 0.917389 0.000010 0.044815 0.000319
0.000010 0.000010 0.000010 0.000010 0.000010 0.000010 0.996372 0.002932 0.000010 0.000625
0.023211 0.062110 0.064309 0.576189 0.025616 0.001981 0.036754 0.012371 0.180642 0.016818
0.016953 0.039323 0.092083 0.600981 0.009433 0.000010 0.056840 0.025696 0.152669 0.006012
0.018203 0.043470 0.081141 0.566463 0.029971 0.051285 0.029381 0.033088 0.137346 0.009650
0.014904 0.041868 0.101784 0.613208 0.025849 0.039616 0.032034 0.000597 0.117701 0.012440
0.004712 0.055553 0.058463 0.554438 0.035498 0.018012 0.016577 0.024657 0.217589 0.014502
0.015155 0.043137 0.080266 0.564321 0.035064 0.047971 0.004954 0.024978 0.168372 0.015784
0.016064 0.052131 0.068374 0.594011 0.031544 0.014337 0.015094 0.022718 0.168459 0.017269
0.012997 0.073036 0.071370 0.564996 0.037577 0.022128 0.037847 0.026395 0.136684 0.016969
0.000010 0.044939 0.064480 0.553895 0.023785 0.019829 0.062357 0.041023 0.178955 0.010729
0.016743 0.043975 0.088509 0.587703 0.001307 0.015462 0.042720 0.022066 0.163801 0.017714
0.000010 0.035445 0.100457 0.622635 0.017619 0.025951 0.007886 0.037612 0.134225 0.018161
0.035465 0.039897 0.069656 0.603149 0.018730 0.000010 0.042908 0.022324 0.159515 0.008346
0.013929 0.037407 0.063127 0.595609 0.024336 0.031576 0.052447 0.022586 0.154370 0.004613
0.004209 0.021170 0.097972 0.631950 0.007209 0.024782 0.040327 0.054243 0.118066 0.000071
0.026749 0.039270 0.068835 0.567877 0.036927 0.052488 0.013610 0.000010 0.176160 0.018073
0.009053 0.057957 0.073722 0.583728 0.003284 0.009301 0.054411 0.021044 0.170824 0.016677
0.010532 0.032273 0.082986 0.548586 0.013466 0.031563 0.043663 0.034272 0.183296 0.019365
0.011119 0.036938 0.064948 0.543846 0.045370 0.026042 0.040925 0.029330 0.184692 0.016790
0.025275 0.038498 0.048502 0.573242 0.024489 0.000010 0.064273 0.042415 0.168909 0.014386
0.010188 0.036002 0.070236 0.569945 0.018786 0.028509 0.063688 0.016137 0.174911 0.011597
0.014421 0.038009 0.056717 0.620202 0.030229 0.010587 0.014737 0.043095 0.159445 0.012559
0.006485 0.021027 0.110574 0.521563 0.018216 0.005122 0.048775 0.055098 0.200035 0.013106
0.015242 0.035732 0.088250 0.565338 0.019229 0.029428 0.027254 0.048368 0.151460 0.019698
0.015694 0.019589 0.036778 0.595599 0.028631 0.032934 0.045551 0.038984 0.176036 0.010203
0.008520 0.040503 0.055301 0.558644 0.012857 0.026318 0.029862 0.039589 0.225270 0.003136
0.007348 0.010388 0.081757 0.648429 0.016185 0.006662 0.029632 0.022204 0.158753 0.018642
0.019450 0.034654 0.059654 0.621403 0.005242 0.007682 0.019748 0.042217 0.173123 0.016827
0.002390 0.034410 0.088036 0.622278 0.007838 0.003556 0.033865 0.020499 0.162130 0.024999
0.019405 0.036539 0.094983 0.539385 0.029800 0.038662 0.018007 0.047172 0.164609 0.011436
0.016134 0.027561 0.104743 0.536520 0.029610 0.002990 0.057753 0.043187 0.164145 0.017356
0.027891 0.055749 0.082838 0.545722 0.023372 0.036222 0.022605 0.004534 0.194223 0.006846
0.021321 0.028383 0.105154 0.558444 0.024098 0.024199 0.057014 0.021995 0.142011 0.017381
0.015619 0.031249 0.096137 0.618116 0.018576 0.056636 0.060176 0.020846 0.075037 0.007608
0.013495 0.022817 0.079856 0.649487 0.035797 0.013364 0.037559 0.030334 0.111580 0.005711
0.014347 0.019102 0.071616 0.638702 0.024459 0.027802 0.017348 0.014804 0.164892 0.006930
0.024464 0.020897 0.085212 0.628525 0.039908 0.022277 0.015414 0.021383 0.132846 0.009075
0.016091 0.026533 0.092568 0.651423 0.015392 0.014779 0.038854 0.037982 0.093357 0.013021
0.009362 0.036937 0.076488 0.624311 0.024112 0.020361 0.028825 0.024092 0.137518 0.017994
0.001473 0.020986 0.119874 0.593239 0.010482 0.048612 0.041193 0.048976 0.102885 0.012280
0.000010 0.019602 0.042728 0.670585 0.023695 0.046391 0.033131 0.032091 0.122823 0.008943
0.007144 0.018351 0.112067 0.612357 0.020887 0.048010 0.021754 0.008300 0.133405 0.017723
0.003090 0.060495 0.050053 0.612698 0.018439 0.022884 0.063022 0.032533 0.114136 0.022649
0.014970 0.051016 0.053201 0.542937 0.023764 0.046621 0.056282 0.047298 0.155687 0.008225
0.002139 0.018720 0.080436 0.597253 0.036110 0.043051 0.035501 0.045422 0.130944 0.010425
0.013683 0.023105 0.071434 0.671051 0.014476 0.026919 0.027770 0.029869 0.109811 0.011883
0.026349 0.017500 0.057640 0.627065 0.015993 0.027904 0.060232 0.011949 0.142850 0.012518
0.016989 0.038246 0.070263 0.726262 0.022573 0.023715 0.000010 0.028303 0.067401 0.006238
0.006267 0.024029 0.072383 0.579628 0.034539 0.034767 0.061063 0.031133 0.140985 0.015206
0.009653 0.011897 0.061022 0.655808 0.013256 0.028285 0.052041 0.035916 0.100022 0.032100
0.016551 0.027930 0.035365 0.698458 0.029462 0.024570 0.034612 0.022255 0.090708 0.020088
0.021999 0.025915 0.109452 0.596894 0.030072 0.037276 0.000010 0.030864 0.132083 0.015436
0.020612 0.026764 0.044501 0.637408 0.032369 0.043122 0.044601 0.026428 0.109098 0.015097
0.006084 0.021131 0.081761 0.602004 0.024034 0.033412 0.045829 0.048102 0.137632 0.000010
0.016200 0.037998 0.095467 0.587591 0.019312 0.012270 0.047389 0.054472 0.122453 0.006849
0.021794 0.051506 0.056176 0.586561 0.024970 0.007570 0.038723 0.024018 0.173625 0.015058
0.019173 0.014905 0.045087 0.706076 0.029020 0.053621 0.013588 0.007642 0.107602 0.003286
0.022354 0.028194 0.047541 0.662493 0.029603 0.024446 0.041268 0.028236 0.106568 0.009297
0.001896 0.032703 0.092497 0.570437 0.022827 0.018637 0.074244 0.033842 0.145094 0.007823
0.007655 0.037531 0.036344 0.622325 0.018028 0.043928 0.052868 0.028262 0.138664 0.014395
0.020212 0.022700 0.071459 0.646356 0.026919 0.030145 0.036973 0.018307 0.118331 0.008597
0.013702 0.038432 0.091397 0.620259 0.026442 0.021650 0.035784 0.031988 0.096791 0.023554
0.005966 0.023652 0.066677 0.620009 0.015338 0.036487 0.050262 0.042161 0.135734 0.003715
0.017203 0.040465 0.041262 0.684959 0.030765 0.021988 0.033458 0.036355 0.075486 0.018060
0.016353 0.022582 0.071107 0.677687 0.030321 0.016229 0.015637 0.018583 0.110936 0.020566
0.018434 0.019478 0.065663 0.586603 0.031951 0.018644 0.030314 0.033583 0.173317 0.022016
0.018510 0.021943 0.051807 0.586504 0.047339 0.034449 0.029648 0.048060 0.154287 0.007453
0.010622 0.025969 0.073596 0.651282 0.014352 0.029394 0.027689 0.035559 0.123985 0.007551
0.000010 0.007253 0.071118 0.617716 0.020255 0.033388 0.069921 0.062559 0.105545 0.012234
0.025980 0.019345 0.071268 0.683692 0.021074 0.037114 0.016206 0.027624 0.086922 0.010775
0.023782 0.024381 0.076982 0.629022 0.000010 0.025984 0.028660 0.044552 0.129320 0.017306
0.015487 0.053032 0.047793 0.623224 0.011333 0.037164 0.044493 0.033253 0.118990 0.015231
0.013130 0.036679 0.086443 0.638497 0.009589 0.009196 0.033270 0.033437 0.118720 0.021040
0.006027 0.030192 0.049598 0.734189 0.032744 0.011614 0.020193 0.026092 0.069882 0.019470
0.000396 0.027903 0.094561 0.614760 0.023054 0.011286 0.021203 0.047177 0.150893 0.008768
0.003681 0.035220 0.069623 0.635116 0.007020 0.022486 0.045859 0.038283 0.129449 0.013263
0.009777 0.031880 0.089060 0.608967 0.023326 0.047803 0.031460 0.007849 0.117399 0.032479
0.999910 0.000010 0.000010 0.000010 0.000010 0.000010 0.000010 0.000010 0.000010 0.000010
0.999910 0.000010 0.000010 0.000010 0.000010 0.000010 0.000010 0.000010 0.000010 0.000010
0.999910 0.000010 0.000010 0.000010 0.000010 0.000010 0.000010 0.000010 0.000010 0.000010
0.999910 0.000010 0.000010 0.000010 0.000010 0.000010 0.000010 0.000010 0.000010 0.000010
0.999910 0.000010 0.000010 0.000010 0.000010 0.000010 0.000010 0.000010 0.000010 0.000010
0.999910 0.000010 0.000010 0.000010 0.000010 0.000010 0.000010 0.000010 0.000010 0.000010
0.999910 0.000010 0.000010 0.000010 0.000010 0.000010 0.000010 0.000010 0.000010 0.000010
0.999910 0.000010 0.000010 0.000010 0.000010 0.000010 0.000010 0.000010 0.000010 0.000010
0.999910 0.000010 0.000010 0.000010 0.000010 0.000010 0.000010 0.000010 0.000010 0.000010
0.051897 0.039898 0.075975 0.526992 0.015617 0.045689 0.070767 0.000010 0.134969 0.038185
0.056447 0.040433 0.033457 0.563175 0.023612 0.042553 0.050330 0.008727 0.124778 0.056490
0.070555 0.037280 0.092232 0.551670 0.016345 0.022259 0.038139 0.000010 0.127809 0.043702
0.061392 0.025771 0.093931 0.548209 0.017644 0.001704 0.035450 0.003995 0.165833 0.046072
0.055693 0.031455 0.087302 0.547105 0.019673 0.022929 0.027719 0.012032 0.149707 0.046386
0.063199 0.042971 0.069014 0.559124 0.017424 0.016740 0.037065 0.000010 0.153751 0.040702
0.066142 0.030997 0.091441 0.490999 0.022854 0.048343 0.043587 0.000010 0.162990 0.042635
0.045823 0.038881 0.074335 0.554396 0.020420 0.032632 0.003799 0.008169 0.159619 0.061926
0.051548 0.039501 0.069921 0.541795 0.025614 0.026028 0.034987 0.007225 0.143849 0.059532
0.056210 0.037043 0.076398 0.480089 0.005704 0.041188 0.066890 0.008682 0.183522 0.044276
0.059527 0.040311 0.052168 0.513196 0.009465 0.025523 0.056484 0.028349 0.160017 0.054959
0.047351 0.048385 0.054553 0.485146 0.029125 0.028596 0.058786 0.009505 0.201405 0.037148
0.044583 0.035366 0.091387 0.522723 0.016576 0.030180 0.030349 0.029516 0.151732 0.047589
0.016340 0.019649 0.297327 0.390335 0.070719 0.021061 0.036595 0.025615 0.099088 0.023270
0.005633 0.040399 0.257933 0.427570 0.071041 0.039295 0.018961 0.026958 0.102807 0.009402
0.017960 0.013598 0.371967 0.414000 0.037973 0.025649 0.013740 0.020670 0.084431 0.000010
0.010252 0.024245 0.295931 0.390306 0.052870 0.015959 0.037552 0.026396 0.143988 0.002501
0.006181 0.014108 0.264103 0.463368 0.038747 0.027033 0.042099 0.020336 0.103074 0.020951
0.002886 0.000010 0.361254 0.426316 0.046255 0.000010 0.027532 0.012814 0.122914 0.000010
0.004893 0.000010 0.380605 0.407810 0.066651 0.000010 0.013731 0.021328 0.094066 0.010896
0.008045 0.032654 0.222641 0.427033 0.027013 0.033467 0.057119 0.028533 0.151434 0.012062
0.004024 0.015433 0.258360 0.392180 0.095309 0.019735 0.047751 0.038122 0.107421 0.021665
0.011933 0.019329 0.260845 0.423047 0.075433 0.033594 0.016418 0.026602 0.121002 0.011797
0.000010 0.012086 0.252118 0.449224 0.047300 0.038321 0.019774 0.036835 0.120376 0.023956
0.014521 0.043466 0.214200 0.463910 0.037891 0.025581 0.045187 0.027020 0.122793 0.005433
0.005446 0.031845 0.276467 0.398852 0.080295 0.005511 0.021384 0.036126 0.133836 0.010239
0.018682 0.022846 0.277888 0.431609 0.060617 0.012101 0.057440 0.004800 0.108339 0.005678
0.000010 0.026481 0.211228 0.472924 0.058070 0.022251 0.031051 0.037307 0.125519 0.015160
0.020074 0.032470 0.205810 0.448672 0.079602 0.039580 0.019657 0.026409 0.113921 0.013804
0.015994 0.051084 0.253492 0.463227 0.089929 0.001676 0.005892 0.012481 0.098593 0.007633
0.000010 0.035607 0.256763 0.454081 0.062446 0.020582 0.022126 0.029294 0.119080 0.000010
0.012939 0.001382 0.346779 0.414951 0.037314 0.040836 0.040253 0.036166 0.069371 0.000010
0.004312 0.026744 0.075920 0.206066 0.007436 0.351887 0.041281 0.027786 0.237467 0.021101
0.000010 0.000010 0.000010 0.000010 0.000010 0.999910 0.000010 0.000010 0.000010 0.000010
0.000010 0.000010 0.008078 0.000010 0.022464 0.969385 0.000013 0.000010 0.000010 0.000010
0.000010 0.022516 0.006639 0.054349 0.017287 0.808939 0.000010 0.000010 0.086513 0.003727
0.018979 0.000010 0.000010 0.056752 0.006727 0.789313 0.004961 0.000010 0.123228 0.000010
0.011754 0.032256 0.028867 0.163994 0.000010 0.516887 0.029347 0.027820 0.174432 0.014632
0.011824 0.015324 0.046247 0.133379 0.000553 0.645305 0.003085 0.011811 0.125456 0.007017
0.002468 0.000010 0.027714 0.144557 0.000010 0.569123 0.005541 0.029465 0.208878 0.012234
0.019152 0.000010 0.012477 0.094728 0.000010 0.708202 0.019230 0.000010 0.136048 0.010132
0.000010 0.000010 0.000010 0.000010 0.000010 0.999910 0.000010 0.000010 0.000010 0.000010
0.000010 0.000010 0.000010 0.000010 0.000010 0.999910 0.000010 0.000010 0.000010 0.000010
0.002729 0.000010 0.014922 0.152961 0.010809 0.557544 0.034741 0.003721 0.212141 0.010422
0.006302 0.048550 0.000010 0.000010 0.000010 0.861765 0.000010 0.010894 0.072439 0.000010
0.000010 0.030503 0.035412 0.196871 0.004726 0.512962 0.013405 0.001397 0.189000 0.015713
0.000010 0.015775 0.024186 0.174327 0.000010 0.610653 0.027599 0.011473 0.135956 0.000010
0.000010 0.000010 0.020663 0.021444 0.011814 0.730585 0.041371 0.000737 0.161396 0.011969
0.000010 0.036294 0.030357 0.136293 0.007903 0.616132 0.025931 0.000010 0.141821 0.005249
0.000010 0.000010 0.000010 0.000010 0.000010 0.999910 0.000010 0.000010 0.000010 0.000010
0.000010 0.000010 0.000010 0.000010 0.000010 0.999910 0.000010 0.000010 0.000010 0.000010
0.000010 0.022603 0.041170 0.121144 0.000010 0.587597 0.029473 0.010506 0.187476 0.000010
0.013777 0.011594 0.024964 0.075181 0.000010 0.690685 0.012501 0.004770 0.166507 0.000010
0.006116 0.010323 0.019186 0.068479 0.029081 0.038847 0.766265 0.000010 0.046410 0.015284
0.000010 0.037442 0.015049 0.041424 0.011142 0.037945 0.810078 0.033367 0.012020 0.001523
0.000010 0.028651 0.000010 0.051198 0.021341 0.014122 0.881747 0.000010 0.002901 0.000010
0.000010 0.005681 0.001277 0.000010 0.007936 0.010622 0.963511 0.006914 0.000010 0.004029
0.000010 0.009239 0.000010 0.049605 0.018741 0.021366 0.874218 0.019391 0.001073 0.006347
0.014553 0.000010 0.005170 0.000010 0.000010 0.000010 0.969962 0.000010 0.000010 0.010254
0.000010 0.000010 0.000010 0.000010 0.021772 0.023961 0.923513 0.020169 0.000010 0.010537
0.000010 0.000010 0.000010 0.058395 0.007826 0.022075 0.896198 0.000010 0.011342 0.004123
0.008546 0.007214 0.000604 0.001314 0.013291 0.000010 0.968992 0.000010 0.000010 0.000010
0.003025 0.014033 0.000010 0.029696 0.004883 0.040455 0.886380 0.021498 0.000010 0.000010
0.000010 0.019107 0.038415 0.049819 0.010179 0.006201 0.854797 0.009748 0.000010 0.011714
0.007323 0.003645 0.032118 0.018636 0.000010 0.000010 0.893462 0.008580 0.031993 0.004224
0.005604 0.000010 0.000010 0.000010 0.000010 0.000010 0.994316 0.000010 0.000010 0.000010
0.003493 0.005028 0.009947 0.016929 0.006213 0.000010 0.958350 0.000010 0.000010 0.000010
0.013745 0.000010 0.025263 0.050019 0.000010 0.000010 0.892169 0.010725 0.000010 0.008040
0.000010 0.002513 0.000010 0.000010 0.014433 0.001250 0.981744 0.000010 0.000010 0.000010
0.011883 0.005889 0.000010 0.013135 0.006785 0.016853 0.905857 0.005825 0.033752 0.000010
0.011606 0.014265 0.007645 0.042634 0.000010 0.020903 0.893491 0.009425 0.000010 0.000010
0.000010 0.000010 0.000010 0.000010 0.000010 0.000010 0.999615 0.000010 0.000010 0.000305
0.017951 0.000010 0.000015 0.048536 0.000739 0.000010 0.866837 0.012516 0.053183 0.000203
0.002434 0.035846 0.013835 0.057178 0.000010 0.012805 0.839355 0.000010 0.038516 0.000010
0.000397 0.000010 0.949648 0.000010 0.041583 0.000010 0.000010 0.006487 0.000010 0.001835
0.000010 0.000268 0.568721 0.243333 0.066492 0.004034 0.020282 0.043223 0.052642 0.000996
0.007404 0.040619 0.269910 0.368197 0.039327 0.037327 0.043333 0.037021 0.139603 0.017261
0.000010 0.007808 0.549956 0.224726 0.065333 0.012401 0.046637 0.003104 0.086432 0.003591
0.000010 0.000010 0.000010 0.000010 0.999910 0.000010 0.000010 0.000010 0.000010 0.000010
0.000010 0.000010 0.000010 0.000010 0.999910 0.000010 0.000010 0.000010 0.000010 0.000010
0.000010 0.000010 0.000010 0.000010 0.999910 0.000010 0.000010 0.000010 0.000010 0.000010
0.004915 0.033628 0.488301 0.318974 0.066392 0.014115 0.022636 0.047680 0.002342 0.001018
0.007336 0.011666 0.511051 0.260549 0.085901 0.002250 0.000010 0.018969 0.082961 0.019306
0.007202 0.000010 0.767768 0.137000 0.051807 0.003869 0.000010 0.008213 0.024111 0.000010
0.022338 0.010988 0.611006 0.243979 0.033314 0.000010 0.028372 0.000010 0.035763 0.014221
0.009275 0.001371 0.603727 0.233300 0.035228 0.041525 0.000010 0.000010 0.073125 0.002428
0.013144 0.006879 0.355748 0.354237 0.059915 0.007673 0.038063 0.023357 0.125915 0.015068
0.000010 0.000010 0.000010 0.000010 0.999910 0.000010 0.000010 0.000010 0.000010 0.000010
0.001804 0.014041 0.441193 0.324509 0.062845 0.010125 0.035132 0.041142 0.068995 0.000214
0.037056 0.038209 0.402008 0.318818 0.067898 0.027852 0.015838 0.005632 0.080170 0.006519
0.005717 0.031738 0.411674 0.256592 0.082247 0.030846 0.014390 0.040534 0.111364 0.014898
0.000010 0.000010 0.656458 0.214351 0.064308 0.000104 0.000432 0.021877 0.042441 0.000010
0.000010 0.000010 0.999910 0.000010 0.000010 0.000010 0.000010 0.000010 0.000010 0.000010
0.000010 0.000010 0.999910 0.000010 0.000010 0.000010 0.000010 0.000010 0.000010 0.000010
0.000010 0.025856 0.363946 0.350511 0.095155 0.006865 0.069207 0.006587 0.081853 0.000010
0.004434 0.023436 0.296547 0.304117 0.198021 0.011736 0.020717 0.024469 0.098342 0.018180
0.003683 0.027148 0.289667 0.268342 0.292534 0.018968 0.014662 0.018884 0.062852 0.003262
0.019663 0.005146 0.511318 0.275284 0.085397 0.013850 0.014152 0.005338 0.067956 0.001895
0.009923 0.017141 0.468164 0.303950 0.065242 0.035393 0.020136 0.012581 0.058173 0.009298
0.000010 0.022441 0.356517 0.410449 0.081938 0.021137 0.012098 0.033711 0.049454 0.012245
0.001581 0.010375 0.492615 0.268223 0.089495 0.030017 0.015868 0.015275 0.074975 0.001577
0.000010 0.016076 0.440082 0.299259 0.100422 0.021873 0.023692 0.022202 0.076375 0.000010
0.000010 0.043033 0.412692 0.311754 0.070577 0.028570 0.036116 0.035970 0.052894 0.008384
0.003281 0.021573 0.364419 0.343907 0.112225 0.016851 0.001760 0.022163 0.112104 0.001717
0.000010 0.022737 0.667800 0.146293 0.074247 0.004525 0.019503 0.014427 0.050447 0.000010
0.000010 0.000010 0.999910 0.000010 0.000010 0.000010 0.000010 0.000010 0.000010 0.000010
0.027134 0.031175 0.337426 0.339467 0.058867 0.018376 0.057746 0.002759 0.127040 0.000010
0.000010 0.016465 0.438723 0.303596 0.102516 0.009287 0.021002 0.019155 0.089236 0.000010
0.004091 0.038214 0.395341 0.296755 0.115862 0.014510 0.019015 0.028190 0.074437 0.013584
0.023481 0.036119 0.322891 0.348963 0.166330 0.036383 0.002653 0.021515 0.037582 0.004083
0.008793 0.019397 0.051617 0.692311 0.017891 0.010837 0.044954 0.035115 0.118824 0.000262
0.007546 0.030615 0.026940 0.769221 0.022406 0.032543 0.030611 0.034671 0.035173 0.010273
0.004573 0.023752 0.000010 0.861254 0.039714 0.031164 0.000010 0.039503 0.000010 0.000010
0.002478 0.016725 0.013589 0.716269 0.010079 0.054992 0.030712 0.051710 0.093321 0.010124
0.015176 0.026713 0.023168 0.616194 0.045249 0.033864 0.029511 0.040495 0.148511 0.021121
0.008488 0.021140 0.073807 0.704316 0.022846 0.034105 0.014257 0.044225 0.057231 0.019586
0.006256 0.011280 0.000010 0.884627 0.032039 0.024182 0.000017 0.034580 0.000010 0.006999
0.009958 0.024806 0.022520 0.775428 0.029594 0.035950 0.018909 0.040688 0.036560 0.005587
0.017232 0.000010 0.049531 0.708331 0.014787 0.037973 0.023887 0.042356 0.093742 0.012151
0.011823 0.038171 0.046431 0.730260 0.027295 0.025556 0.033612 0.044287 0.042555 0.000010
0.007562 0.000010 0.000010 0.857206 0.025979 0.052660 0.006948 0.039466 0.000010 0.010149
0.006663 0.034356 0.059143 0.685807 0.022523 0.045247 0.036909 0.032257 0.062459 0.014638
0.011446 0.039425 0.026292 0.719250 0.032010 0.041258 0.042145 0.035047 0.053117 0.000010
0.005845 0.015077 0.024593 0.871029 0.028096 0.008206 0.000010 0.042492 0.000010 0.004642
0.031684 0.000010 0.000736 0.879905 0.023582 0.033397 0.000010 0.024176 0.000010 0.006489
0.007306 0.028290 0.072830 0.650772 0.039230 0.016402 0.024790 0.028269 0.130084 0.002025
0.040281 0.012467 0.023677 0.721011 0.032922 0.064079 0.034426 0.025925 0.045201 0.000010
0.000010 0.009969 0.001383 0.796733 0.019368 0.041113 0.020771 0.065497 0.038882 0.006275
0.009745 0.014974 0.060640 0.615989 0.037875 0.028555 0.066477 0.036836 0.119009 0.009901
0.003655 0.041360 0.000010 0.722516 0.037758 0.050283 0.038671 0.030962 0.058998 0.015787
0.002470 0.022614 0.065045 0.650388 0.020499 0.016356 0.039556 0.010327 0.140906 0.031839
0.016582 0.025666 0.009073 0.745058 0.022540 0.058533 0.052934 0.037530 0.030223 0.001860
0.012289 0.021019 0.016067 0.755045 0.034149 0.044556 0.032751 0.028941 0.051039 0.004144
0.022060 0.024666 0.064165 0.660546 0.039349 0.043359 0.053934 0.027437 0.055271 0.009212
0.019383 0.035037 0.050140 0.660646 0.040872 0.011240 0.031754 0.038811 0.108318 0.003798
0.003496 0.014970 0.010468 0.836633 0.051364 0.019905 0.028690 0.016514 0.017949 0.000010
0.000010 0.021762 0.037543 0.733734 0.051129 0.031892 0.024722 0.041769 0.046988 0.010452
0.000027 0.028633 0.014355 0.704040 0.033954 0.055556 0.050878 0.049353 0.051735 0.011468
0.016595 0.018454 0.062256 0.696784 0.016718 0.034176 0.006920 0.043629 0.097624 0.006843
0.014084 0.042070 0.082806 0.512050 0.028631 0.035972 0.068363 0.047909 0.163477 0.004637
0.021094 0.025122 0.082740 0.576895 0.020801 0.020722 0.061702 0.027919 0.152422 0.010582
0.015258 0.039909 0.068335 0.527898 0.031125 0.026946 0.081723 0.016404 0.179478 0.012923
0.032306 0.029785 0.103145 0.567987 0.026189 0.003112 0.043642 0.024714 0.155659 0.013460
0.009002 0.057244 0.066183 0.561488 0.034861 0.045461 0.035866 0.045393 0.144493 0.000010
0.030731 0.046056 0.079867 0.565324 0.027591 0.039492 0.052163 0.031433 0.126027 0.001317
0.000010 0.027789 0.101032 0.542847 0.003154 0.037366 0.035141 0.062960 0.170323 0.019378
0.017561 0.033111 0.088532 0.550284 0.001386 0.037622 0.045748 0.039246 0.168376 0.018133
0.016884 0.041591 0.064942 0.563069 0.035653 0.020200 0.041215 0.042097 0.164926 0.009424
0.011292 0.040280 0.126653 0.550349 0.012059 0.029103 0.010965 0.023001 0.178983 0.017314
0.001750 0.037580 0.098735 0.539388 0.017891 0.006741 0.040862 0.049174 0.189507 0.018372
0.011425 0.035185 0.101578 0.517897 0.014289 0.037574 0.058584 0.056807 0.153946 0.012713
0.014325 0.018719 0.087969 0.553236 0.035531 0.018101 0.032756 0.031173 0.196194 0.011996
0.007629 0.043000 0.099744 0.574238 0.017622 0.021262 0.032238 0.033730 0.157193 0.013344
0.012391 0.054453 0.093805 0.502285 0.033113 0.020077 0.071858 0.032133 0.166356 0.013528
0.008797 0.043634 0.092511 0.514425 0.026690 0.039522 0.063798 0.032527 0.153281 0.024815
0.014804 0.050493 0.087218 0.567295 0.021636 0.015948 0.043301 0.027869 0.163924 0.007510
0.008601 0.045359 0.077834 0.595976 0.024955 0.012176 0.035813 0.024165 0.158312 0.016809
0.020819 0.037923 0.077145 0.546976 0.020806 0.016241 0.037237 0.029313 0.207878 0.005663
0.011652 0.041479 0.093602 0.521554 0.016644 0.032613 0.045445 0.036371 0.189073 0.011567
0.009023 0.035049 0.067035 0.528229 0.018487 0.057317 0.046237 0.052743 0.170906 0.014973
0.009694 0.042883 0.091255 0.513328 0.019741 0.043250 0.048525 0.029320 0.183846 0.018158
0.012254 0.027493 0.104399 0.601842 0.025619 0.008912 0.038573 0.038481 0.139414 0.003013
0.023943 0.055840 0.096057 0.495265 0.034952 0.029360 0.060803 0.016705 0.176895 0.010180
0.000635 0.021743 0.073951 0.545339 0.016094 0.039712 0.052607 0.042361 0.185869 0.021690
0.010186 0.047575 0.093141 0.504865 0.040541 0.030843 0.068342 0.026190 0.161966 0.016353
0.008555 0.019791 0.069928 0.536036 0.028317 0.037009 0.069510 0.033630 0.173306 0.023917
0.028705 0.055299 0.112730 0.484345 0.022126 0.016774 0.069061 0.028357 0.168564 0.014039
0.037035 0.006404 0.007652 0.012332 0.011067 0.000010 0.000010 0.925470 0.000010 0.000010
0.000010 0.000010 0.000010 0.000010 0.000010 0.000010 0.000010 0.999910 0.000010 0.000010
0.000010 0.000010 0.000010 0.000010 0.000010 0.000010 0.000010 0.999910 0.000010 0.000010
0.018264 0.000010 0.000010 0.000010 0.016369 0.000010 0.000010 0.956783 0.000010 0.008524
0.000010 0.000014 0.000010 0.000010 0.000010 0.000010 0.000010 0.986903 0.000010 0.013013
0.000010 0.000010 0.000010 0.000010 0.000010 0.000010 0.000010 0.999910 0.000010 0.000010
0.000010 0.000010 0.000010 0.000010 0.000010 0.000010 0.000010 0.999910 0.000010 0.000010
0.023954 0.000010 0.000711 0.000010 0.011899 0.000010 0.000010 0.963377 0.000010 0.000010
0.039863 0.017663 0.014608 0.023814 0.002784 0.000010 0.012623 0.886417 0.000010 0.002206
0.003506 0.016477 0.000010 0.000010 0.000010 0.000010 0.019638 0.930237 0.030092 0.000010
0.000010 0.000010 0.000010 0.000010 0.000010 0.000010 0.000010 0.999910 0.000010 0.000010
0.000010 0.000403 0.000010 0.000010 0.000010 0.000010 0.000010 0.999517 0.000010 0.000010
0.000010 0.000010 0.000010 0.000010 0.000010 0.000010 0.000010 0.999910 0.000010 0.000010
0.044290 0.016206 0.000010 0.094408 0.008211 0.001502 0.000565 0.834787 0.000010 0.000010
0.051929 0.000010 0.000010 0.061188 0.015643 0.000010 0.005490 0.849739 0.000010 0.015972
0.013910 0.000010 0.000010 0.000010 0.000010 0.000010 0.000010 0.986010 0.000010 0.000010
0.000010 0.000010 0.000010 0.000010 0.000010 0.000010 0.000010 0.999910 0.000010 0.000010
0.000010 0.000010 0.000010 0.000010 0.000010 0.000010 0.000010 0.999910 0.000010 0.000010
0.025086 0.009916 0.000010 0.001209 0.008466 0.000010 0.000010 0.955273 0.000010 0.000010
0.005078 0.008559 0.000010 0.000010 0.000010 0.000010 0.000010 0.973237 0.007766 0.005311
0.059482 0.000010 0.000010 0.043578 0.002817 0.000010 0.000010 0.894063 0.000010 0.000010
0.000010 0.000010 0.000010 0.000015 0.007237 0.000010 0.000010 0.992678 0.000010 0.000010
0.000010 0.000010 0.000010 0.000010 0.000010 0.000010 0.000010 0.999910 0.000010 0.000010
0.012095 0.000010 0.000010 0.000010 0.024931 0.000010 0.004894 0.958020 0.000010 0.000010
0.000010 0.000010 0.000010 0.000010 0.000010 0.000010 0.000010 0.999910 0.000010 0.000010
0.043444 0.002968 0.002163 0.065719 0.001763 0.000010 0.000010 0.872013 0.006345 0.005565
0.052780 0.010731 0.004547 0.015932 0.000010 0.000010 0.025723 0.856331 0.019739 0.014198
0.015367 0.246670 0.086114 0.403408 0.015283 0.009138 0.039130 0.009027 0.158423 0.017441
0.000010 0.999910 0.000010 0.000010 0.000010 0.000010 0.000010 0.000010 0.000010 0.000010
0.021181 0.088597 0.081773 0.514519 0.019976 0.035924 0.028827 0.028485 0.180708 0.000010
0.000010 0.999910 0.000010 0.000010 0.000010 0.000010 0.000010 0.000010 0.000010 0.000010
0.013098 0.139162 0.102873 0.518461 0.023938 0.025253 0.013312 0.009095 0.146849 0.007959
0.000010 0.999910 0.000010 0.000010 0.000010 0.000010 0.000010 0.000010 0.000010 0.000010
0.027765 0.054103 0.090028 0.552678 0.019425 0.026929 0.034549 0.019676 0.158365 0.016481
0.016841 0.075782 0.089271 0.481414 0.033293 0.028885 0.051172 0.023320 0.190907 0.009115
0.015412 0.217813 0.031292 0.454296 0.018101 0.027436 0.035953 0.024002 0.157042 0.018652
0.008465 0.487180 0.070212 0.326559 0.018100 0.008804 0.031843 0.000010 0.046553 0.002274
0.000010 0.999910 0.000010 0.000010 0.000010 0.000010 0.000010 0.000010 0.000010 0.000010
0.000010 0.999910 0.000010 0.000010 0.000010 0.000010 0.000010 0.000010 0.000010 0.000010
0.012079 0.221202 0.071168 0.492744 0.013381 0.027512 0.047465 0.007751 0.105851 0.000848
0.013866 0.173462 0.074840 0.441791 0.015106 0.035202 0.051371 0.032137 0.141650 0.020573
0.018043 0.180945 0.059856 0.468381 0.012885 0.014806 0.064645 0.023251 0.151262 0.005926
0.008653 0.088088 0.106526 0.534607 0.012990 0.020823 0.048139 0.021560 0.143174 0.015440
0.015604 0.165221 0.090185 0.427507 0.004895 0.065490 0.078018 0.020622 0.129198 0.003262
0.021636 0.022621 0.079660 0.534845 0.021107 0.020861 0.048540 0.037858 0.195672 0.017199
0.058728 0.034508 0.095888 0.508346 0.028379 0.029941 0.049145 0.012149 0.141364 0.041553
0.048930 0.043894 0.094733 0.520017 0.020685 0.029925 0.025603 0.006609 0.173143 0.036461
0.051035 0.053438 0.072693 0.527547 0.023023 0.027220 0.040030 0.003784 0.149204 0.052026
0.037053 0.049671 0.098390 0.497932 0.035060 0.020896 0.040695 0.011955 0.175307 0.033042
0.039775 0.036521 0.109828 0.498385 0.016283 0.025749 0.060408 0.027729 0.122808 0.062515
0.045268 0.054516 0.064758 0.542473 0.014571 0.027414 0.082576 0.007803 0.118297 0.042323
0.049762 0.052299 0.088471 0.535480 0.008023 0.045967 0.043904 0.000010 0.142522 0.033563
0.012416 0.013853 0.052246 0.628841 0.020028 0.023442 0.036958 0.020026 0.191388 0.000803
0.008574 0.029272 0.057849 0.577916 0.016214 0.018283 0.069109 0.032589 0.178171 0.012022
0.016722 0.041312 0.054232 0.540877 0.028532 0.053741 0.061198 0.020774 0.162256 0.020357
0.023446 0.027931 0.040864 0.646097 0.016656 0.032173 0.017392 0.031712 0.163719 0.000010
0.027800 0.016369 0.114259 0.553108 0.027329 0.023709 0.060438 0.033416 0.128463 0.015107
0.011012 0.027409 0.107473 0.535476 0.010913 0.020728 0.049026 0.039289 0.175333 0.023342
0.015305 0.042840 0.094367 0.546003 0.023914 0.005757 0.051084 0.049310 0.162805 0.008615
0.006738 0.048557 0.089113 0.572771 0.018206 0.012190 0.054680 0.010468 0.180929 0.006347
0.000010 0.045494 0.081947 0.531694 0.009724 0.026449 0.085496 0.026955 0.173322 0.018909
0.000010 0.038245 0.069926 0.572473 0.008746 0.008416 0.026888 0.044524 0.213058 0.017714
0.017012 0.024212 0.055071 0.607899 0.018719 0.024155 0.029054 0.029731 0.180221 0.013926
0.019191 0.024773 0.055326 0.585232 0.010359 0.022849 0.074373 0.010447 0.185033 0.012418
0.012453 0.032249 0.036568 0.592021 0.046579 0.040722 0.042740 0.016763 0.179896 0.000010
0.023099 0.050393 0.082061 0.517349 0.013097 0.028032 0.066331 0.041335 0.147550 0.030754
0.019727 0.021409 0.051322 0.625917 0.009801 0.029387 0.017252 0.052602 0.172573 0.000010
0.019885 0.005013 0.084854 0.568031 0.024045 0.022712 0.060691 0.047386 0.148843 0.018541
0.000632 0.042113 0.081454 0.556632 0.017435 0.026371 0.032689 0.039397 0.187252 0.016025
0.000174 0.038570 0.067062 0.609988 0.031985 0.007506 0.021814 0.054727 0.146604 0.021570
0.018170 0.049007 0.079271 0.607800 0.012015 0.032787 0.042915 0.019531 0.135774 0.002731
0.016744 0.030362 0.056087 0.611389 0.012011 0.032120 0.077434 0.029484 0.129344 0.005024
0.007197 0.014645 0.082315 0.551328 0.022057 0.016244 0.085716 0.027035 0.178504 0.014959
0.004834 0.039214 0.079245 0.535867 0.028297 0.035901 0.073759 0.026185 0.164536 0.012161
0.015012 0.024820 0.054189 0.586708 0.033569 0.025618 0.032990 0.031844 0.184883 0.010369
0.017368 0.039395 0.078109 0.554515 0.012075 0.061691 0.058746 0.028370 0.134364 0.015368
0.026080 0.053909 0.091252 0.567790 0.027573 0.013298 0.014895 0.012614 0.184627 0.007962
0.009912 0.027553 0.074053 0.555697 0.025006 0.032111 0.036357 0.021178 0.194561 0.023573
0.015662 0.030927 0.068247 0.595865 0.016297 0.000655 0.043908 0.024251 0.178077 0.026109
0.012958 0.054058 0.072423 0.573830 0.029860 0.028589 0.071950 0.041014 0.093874 0.021443
0.008573 0.035845 0.056693 0.580054 0.024843 0.037379 0.027326 0.026733 0.188788 0.013766
0.015317 0.049592 0.075287 0.603973 0.035716 0.014216 0.053701 0.022299 0.117410 0.012490
0.021884 0.039496 0.085135 0.541456 0.036660 0.033107 0.005383 0.015010 0.196823 0.025047
0.016500 0.054210 0.079958 0.607737 0.011900 0.035342 0.011820 0.023037 0.148173 0.011324
0.009646 0.053895 0.069340 0.559409 0.026953 0.025776 0.057228 0.024635 0.152967 0.020151
0.018347 0.047693 0.076479 0.561544 0.029707 0.035904 0.076470 0.032799 0.107120 0.013938
0.023135 0.032413 0.123194 0.521255 0.017200 0.025377 0.049791 0.034113 0.151219 0.022301
0.020377 0.029303 0.071406 0.531384 0.026762 0.022614 0.046460 0.044870 0.187721 0.019103
0.014763 0.046728 0.073625 0.610752 0.038645 0.035169 0.028421 0.034023 0.094062 0.023812
0.019154 0.029017 0.097168 0.546990 0.027795 0.017196 0.045010 0.038109 0.162784 0.016777
0.019384 0.034166 0.053156 0.540716 0.032593 0.050679 0.066846 0.032358 0.147456 0.022645
0.013053 0.046775 0.111767 0.570130 0.015090 0.019859 0.033614 0.032121 0.147480 0.010111
0.002337 0.018989 0.120048 0.544954 0.035921 0.026998 0.023956 0.035174 0.175018 0.016603
0.010580 0.040821 0.077348 0.564805 0.039212 0.045288 0.032571 0.064023 0.125342 0.000010
0.011264 0.032726 0.078983 0.550741 0.021181 0.026953 0.048427 0.030444 0.184697 0.014583
0.000010 0.036203 0.039964 0.606064 0.007034 0.032124 0.038627 0.051183 0.158973 0.029818
0.028440 0.045813 0.071923 0.569187 0.015811 0.028483 0.029017 0.028123 0.183091 0.000111
0.020194 0.041929 0.110586 0.498815 0.036001 0.022932 0.079628 0.023920 0.162621 0.003373
0.013508 0.040042 0.062787 0.536255 0.024128 0.021010 0.052868 0.032653 0.194496 0.022253
0.000010 0.053049 0.091729 0.587053 0.035840 0.031895 0.017298 0.065802 0.100701 0.016623
0.004175 0.056413 0.075488 0.620355 0.012066 0.025649 0.044766 0.030404 0.125728 0.004956
0.006993 0.048868 0.099263 0.544206 0.016703 0.014034 0.059490 0.037258 0.163354 0.009831
0.004254 0.018921 0.103825 0.511200 0.025154 0.042876 0.049313 0.045231 0.174655 0.024571
0.006371 0.040737 0.091984 0.555374 0.016195 0.030647 0.040008 0.043985 0.165557 0.009142
0.000010 0.033146 0.087435 0.540234 0.029713 0.037209 0.029650 0.040836 0.182295 0.019471
0.009935 0.037715 0.100657 0.509533 0.021922 0.058336 0.053163 0.021420 0.175789 0.011531
0.000165 0.032502 0.086267 0.537524 0.040919 0.031026 0.071980 0.031895 0.140748 0.026974
0.030042 0.025078 0.104043 0.512201 0.024988 0.034706 0.056340 0.021186 0.168362 0.023054
0.014676 0.070197 0.089228 0.562744 0.013312 0.005020 0.050782 0.048111 0.130766 0.015165
0.011651 0.018193 0.076371 0.546225 0.073051 0.018103 0.027410 0.050390 0.162902 0.015703
0.004887 0.022466 0.056504 0.596979 0.019758 0.021915 0.038407 0.032755 0.180207 0.026122
0.007765 0.053122 0.100380 0.524656 0.010766 0.062452 0.049700 0.027973 0.150269 0.012917
0.000313 0.037961 0.095468 0.591365 0.015349 0.029604 0.052418 0.042170 0.109419 0.025933
0.028573 0.016232 0.113036 0.593908 0.022987 0.027708 0.022177 0.001220 0.162841 0.011318
0.040958 0.031888 0.077714 0.516417 0.023261 0.012797 0.050851 0.017512 0.185738 0.042864
0.048295 0.026841 0.099839 0.534369 0.008854 0.013548 0.035688 0.033895 0.145504 0.053166
0.050681 0.027032 0.102293 0.557171 0.023826 0.011813 0.038616 0.004659 0.135527 0.048382
0.051175 0.019655 0.089317 0.508894 0.028747 0.009274 0.055158 0.005949 0.188613 0.043220
0.047366 0.045126 0.089325 0.522907 0.010660 0.027199 0.061764 0.000010 0.161483 0.034159
0.054568 0.035973 0.083863 0.548161 0.002058 0.010005 0.062544 0.018526 0.148758 0.035544
0.033043 0.025260 0.084851 0.522162 0.028165 0.014689 0.067608 0.017239 0.164776 0.042207
0.061499 0.024007 0.079002 0.513035 0.028922 0.026626 0.042214 0.000010 0.187816 0.036871
0.049090 0.049185 0.086781 0.532235 0.026171 0.035086 0.049927 0.026614 0.108124 0.036786
