0.024278 0.608598 0.017799 0.009330 0.035669 0.213750 0.035309 0.055267
0.017920 0.597513 0.046952 0.004023 0.061229 0.195490 0.012674 0.064198
0.018459 0.644406 0.034369 0.008118 0.035210 0.161765 0.025042 0.072631
0.013667 0.648672 0.016352 0.007461 0.040990 0.156898 0.037001 0.078959
0.011274 0.633873 0.032249 0.016503 0.034636 0.172794 0.049175 0.049497
0.020483 0.597471 0.040743 0.014076 0.022611 0.180989 0.067226 0.056401
0.013834 0.621938 0.002692 0.016831 0.023393 0.195589 0.064730 0.060992
0.020055 0.613180 0.014000 0.023405 0.020068 0.227595 0.040282 0.041417
0.019410 0.595307 0.031064 0.000010 0.025902 0.218735 0.049384 0.060187
0.004179 0.611352 0.050860 0.014691 0.039853 0.163538 0.037244 0.078282
0.027493 0.617458 0.035252 0.005606 0.031045 0.180553 0.053562 0.049032
0.011878 0.636647 0.053524 0.013223 0.025612 0.160991 0.055789 0.042336
0.012073 0.645168 0.051079 0.010546 0.057024 0.127157 0.051260 0.045692
0.007787 0.598056 0.054633 0.009050 0.030955 0.183981 0.028318 0.087220
0.025369 0.625892 0.023788 0.019893 0.048813 0.156368 0.052533 0.047343
0.037293 0.576290 0.004076 0.040783 0.027106 0.215481 0.046204 0.052767
0.049297 0.554131 0.048673 0.037556 0.015139 0.176260 0.052068 0.066875
0.050560 0.570817 0.028944 0.038427 0.034423 0.163184 0.054035 0.059611
0.022291 0.424939 0.083004 0.016150 0.029865 0.338451 0.047758 0.037541
0.016039 0.183966 0.051403 0.000010 0.000010 0.725342 0.017467 0.005763
0.005505 0.000010 0.000010 0.000010 0.000010 0.994435 0.000010 0.000010
0.007110 0.199297 0.027646 0.006180 0.020555 0.689799 0.031205 0.018208
0.010853 0.366018 0.074794 0.005203 0.035151 0.408093 0.063798 0.036090
0.014788 0.251673 0.074145 0.000010 0.018162 0.594854 0.010651 0.035716
0.008572 0.358604 0.107802 0.021394 0.017222 0.438131 0.024493 0.023782
0.024007 0.365257 0.057076 0.000010 0.013692 0.434157 0.041488 0.064313
0.022510 0.335929 0.088972 0.025205 0.018481 0.421896 0.024305 0.062703
0.000010 0.000010 0.000010 0.000010 0.000010 0.999930 0.000010 0.000010
0.009500 0.000010 0.000010 0.007948 0.000010 0.982502 0.000010 0.000010
0.009069 0.252090 0.093470 0.012895 0.031797 0.585462 0.000010 0.015208
0.011237 0.261916 0.060488 0.015636 0.019263 0.583066 0.028925 0.019469
0.004120 0.320606 0.069799 0.000010 0.033517 0.518232 0.047291 0.006424
0.000010 0.278030 0.061032 0.007130 0.008151 0.573142 0.028396 0.044109
0.002017 0.272632 0.078907 0.001179 0.014734 0.543748 0.055803 0.030979
0.000010 0.000010 0.000010 0.000010 0.000010 0.999930 0.000010 0.000010
0.000010 0.025845 0.000010 0.000010 0.000010 0.942200 0.031905 0.000010
0.003912 0.166149 0.057479 0.000010 0.019561 0.675844 0.047696 0.029348
0.017772 0.183641 0.033195 0.000010 0.017785 0.709678 0.019422 0.018497
0.000010 0.381458 0.081712 0.006533 0.014860 0.466272 0.039748 0.009408
0.012203 0.094349 0.054760 0.020584 0.015513 0.786137 0.000010 0.016444
0.000010 0.000010 0.000010 0.000010 0.000010 0.999930 0.000010 0.000010
0.011880 0.371283 0.076161 0.017124 0.017484 0.372706 0.070681 0.062680
0.004145 0.188550 0.042669 0.000987 0.000010 0.717008 0.025467 0.021166
0.000010 0.386019 0.080094 0.015201 0.029820 0.448299 0.011546 0.029010
0.000010 0.277002 0.050436 0.012289 0.011377 0.576487 0.032526 0.039874
0.000010 0.320554 0.069917 0.001289 0.023371 0.522559 0.018015 0.044286
0.999930 0.000010 0.000010 0.000010 0.000010 0.000010 0.000010 0.000010
0.999930 0.000010 0.000010 0.000010 0.000010 0.000010 0.000010 0.000010
0.999930 0.000010 0.000010 0.000010 0.000010 0.000010 0.000010 0.000010
0.999930 0.000010 0.000010 0.000010 0.000010 0.000010 0.000010 0.000010
0.000010 0.039499 0.020595 0.000247 0.032420 0.000010 0.898038 0.009180
0.008533 0.041620 0.022488 0.000632 0.022662 0.005472 0.898583 0.000010
0.000010 0.000010 0.003562 0.013535 0.000010 0.067920 0.900838 0.014115
0.000010 0.011416 0.001843 0.000010 0.001064 0.049231 0.921185 0.015241
0.000010 0.000010 0.013090 0.007190 0.012354 0.020618 0.934007 0.012721
0.006164 0.005294 0.008738 0.000010 0.015547 0.011460 0.952777 0.000010
0.000010 0.065327 0.001202 0.000010 0.028391 0.033175 0.871874 0.000010
0.000010 0.014788 0.000010 0.014114 0.009150 0.000010 0.961908 0.000010
0.002177 0.073277 0.000010 0.000010 0.025553 0.041235 0.847010 0.010728
0.003275 0.007437 0.032151 0.004580 0.018117 0.000010 0.933280 0.001149
0.000018 0.039080 0.001573 0.000010 0.000010 0.038288 0.914252 0.006770
0.000010 0.010671 0.019554 0.011977 0.000010 0.000010 0.932221 0.025547
0.003004 0.026499 0.002796 0.002345 0.009741 0.056029 0.891818 0.007768
0.000010 0.000010 0.000010 0.000010 0.000010 0.000010 0.999930 0.000010
0.000010 0.000010 0.000010 0.000010 0.000010 0.000010 0.999930 0.000010
0.000010 0.014712 0.018179 0.003298 0.001580 0.000010 0.942645 0.019566
0.000010 0.000010 0.000010 0.000010 0.000010 0.000010 0.999930 0.000010
0.000756 0.013814 0.000010 0.007821 0.000010 0.049420 0.926395 0.001774
0.000358 0.000010 0.000010 0.000010 0.002117 0.000010 0.997475 0.000010
0.017420 0.648616 0.005129 0.023701 0.015442 0.193092 0.040528 0.056072
0.006918 0.665346 0.000010 0.017219 0.028887 0.168954 0.060864 0.051801
0.010231 0.628649 0.054689 0.018370 0.035922 0.149890 0.032617 0.069631
0.012868 0.680009 0.044259 0.015011 0.003833 0.132083 0.035243 0.076694
0.014815 0.625391 0.021596 0.005131 0.027666 0.228989 0.020721 0.055691
0.016396 0.620786 0.051296 0.015376 0.027554 0.183640 0.007782 0.077169
0.017982 0.661806 0.017530 0.016678 0.025607 0.182346 0.018294 0.059757
0.017342 0.647885 0.025413 0.013299 0.030086 0.148668 0.042039 0.075269
0.011091 0.610368 0.023924 0.000010 0.043703 0.190948 0.065836 0.054120
0.018216 0.649550 0.019143 0.016964 0.024876 0.181279 0.046362 0.043610
0.018782 0.686559 0.030929 0.000010 0.040740 0.147553 0.010971 0.064456
0.008571 0.658790 0.003135 0.035576 0.025212 0.174193 0.046227 0.048297
0.004752 0.647638 0.035712 0.014298 0.025002 0.166829 0.055610 0.050159
0.001003 0.675416 0.028616 0.003711 0.056982 0.134516 0.042460 0.057295
0.018570 0.621519 0.055980 0.027743 0.000010 0.188664 0.016625 0.070889
0.017299 0.657934 0.013001 0.009412 0.024452 0.186983 0.058248 0.032672
0.019353 0.602357 0.035909 0.010509 0.037458 0.196411 0.046769 0.051234
0.016907 0.593077 0.029452 0.011045 0.031773 0.195826 0.043474 0.078447
0.014740 0.619105 0.000010 0.025398 0.044903 0.182346 0.067915 0.045583
0.011977 0.622049 0.031887 0.010458 0.018561 0.187708 0.066273 0.051087
0.012569 0.669895 0.014201 0.014237 0.045860 0.172906 0.017226 0.053108
0.013519 0.574550 0.009750 0.006557 0.057489 0.212452 0.051347 0.074335
0.020143 0.621395 0.032910 0.015371 0.051211 0.165381 0.029906 0.063684
0.009820 0.621175 0.034616 0.015339 0.040154 0.189144 0.047776 0.041977
0.003302 0.614039 0.029588 0.008763 0.042225 0.238290 0.033294 0.030498
0.020041 0.683985 0.012110 0.006736 0.024405 0.172345 0.031825 0.048554
0.017744 0.668352 0.010279 0.019526 0.044447 0.189396 0.022700 0.027556
0.025789 0.684878 0.008434 0.002186 0.024184 0.177838 0.036877 0.039815
0.011598 0.593413 0.042013 0.019660 0.049687 0.178647 0.020898 0.084085
0.017774 0.590640 0.007196 0.016232 0.046051 0.174607 0.060736 0.086763
0.007489 0.617639 0.039582 0.028300 0.007832 0.208746 0.026238 0.064174
0.017672 0.608368 0.028000 0.021197 0.024653 0.157396 0.060411 0.082303
0.008441 0.671328 0.061223 0.015105 0.023621 0.091013 0.063200 0.066070
0.005793 0.682872 0.018396 0.012967 0.032245 0.129078 0.040274 0.078376
0.007444 0.670537 0.031797 0.014482 0.016504 0.178833 0.020172 0.060231
0.009521 0.666652 0.027187 0.024584 0.023145 0.146687 0.019021 0.083203
0.013245 0.698588 0.019735 0.016440 0.041097 0.109018 0.040429 0.061447
0.018539 0.672769 0.024160 0.009406 0.026902 0.153325 0.031885 0.063014
0.012952 0.645733 0.053105 0.001178 0.052484 0.119450 0.043736 0.071362
0.009334 0.697854 0.049889 0.000010 0.033761 0.137465 0.035705 0.035983
0.018257 0.653280 0.052363 0.006669 0.011095 0.151117 0.023424 0.083796
0.022869 0.681965 0.026884 0.003261 0.035813 0.128082 0.067057 0.034068
0.008643 0.601179 0.049899 0.015188 0.050053 0.168947 0.059963 0.046127
0.010991 0.636650 0.046533 0.001852 0.047542 0.143172 0.038188 0.075074
0.012261 0.706795 0.030516 0.013332 0.031495 0.126189 0.030857 0.048554
0.013078 0.654753 0.032381 0.025963 0.013464 0.158203 0.062364 0.039795
0.006726 0.773657 0.028539 0.017149 0.030754 0.085798 0.000575 0.056802
0.015404 0.616790 0.038436 0.005877 0.033906 0.153353 0.063629 0.072605
0.032779 0.682640 0.031086 0.009181 0.037643 0.115527 0.054736 0.036408
0.020737 0.725792 0.028880 0.016374 0.023472 0.106536 0.037951 0.040260
0.015808 0.646415 0.041956 0.022010 0.033596 0.148809 0.000010 0.091395
0.015640 0.674759 0.046182 0.020032 0.029167 0.121539 0.046538 0.046143
0.000010 0.638731 0.038276 0.005749 0.050486 0.151398 0.047996 0.067354
0.007065 0.651157 0.016447 0.016345 0.057764 0.136711 0.050832 0.063679
0.015193 0.646655 0.011122 0.022012 0.026867 0.187403 0.042305 0.048444
0.002890 0.729884 0.056840 0.018806 0.009802 0.124583 0.016491 0.040705
0.009532 0.696003 0.027522 0.022688 0.029511 0.123631 0.044444 0.046670
0.008480 0.626693 0.022753 0.001900 0.036742 0.158073 0.077679 0.067679
0.014702 0.665072 0.047372 0.007607 0.029695 0.152931 0.056555 0.026066
0.008971 0.685052 0.035402 0.019643 0.020531 0.130746 0.039264 0.060391
0.023975 0.676402 0.025784 0.013858 0.034716 0.112332 0.038710 0.074222
0.003675 0.656601 0.040561 0.005555 0.044282 0.152699 0.053152 0.043475
0.018858 0.731884 0.026346 0.017093 0.039075 0.089819 0.036203 0.040723
0.020720 0.711946 0.020782 0.016710 0.020756 0.129006 0.017853 0.062227
0.022225 0.626320 0.022218 0.018401 0.035569 0.185198 0.032165 0.057904
0.008094 0.619577 0.038270 0.018308 0.049324 0.165770 0.032570 0.068087
0.007411 0.697896 0.033220 0.010676 0.038067 0.141149 0.030788 0.040793
0.012661 0.638692 0.037662 0.000010 0.063872 0.120111 0.072410 0.054582
0.011032 0.716971 0.040894 0.025975 0.029850 0.103606 0.018593 0.053079
0.016793 0.669799 0.030350 0.023801 0.046788 0.146687 0.031348 0.034434
0.015693 0.688944 0.040795 0.015878 0.036244 0.132700 0.048036 0.021710
0.021451 0.698250 0.013241 0.013436 0.036307 0.135537 0.036915 0.044863
0.019617 0.764768 0.016183 0.006623 0.027092 0.086733 0.021605 0.057378
0.008971 0.664492 0.015607 0.000301 0.049704 0.166822 0.023322 0.070781
0.013429 0.682955 0.026568 0.003810 0.041054 0.145662 0.048914 0.037607
0.033057 0.661939 0.051148 0.010017 0.010506 0.133349 0.033707 0.066279
0.000010 0.000010 0.000010 0.999930 0.000010 0.000010 0.000010 0.000010
0.000010 0.000010 0.000010 0.999930 0.000010 0.000010 0.000010 0.000010
0.000010 0.000010 0.000010 0.999930 0.000010 0.000010 0.000010 0.000010
0.000010 0.000010 0.000010 0.999930 0.000010 0.000010 0.000010 0.000010
0.000010 0.000010 0.000010 0.999930 0.000010 0.000010 0.000010 0.000010
0.000010 0.000010 0.000010 0.999930 0.000010 0.000010 0.000010 0.000010
0.000010 0.000010 0.000010 0.999921 0.000010 0.000019 0.000010 0.000010
0.000010 0.000010 0.000010 0.999930 0.000010 0.000010 0.000010 0.000010
0.000010 0.000010 0.000010 0.999930 0.000010 0.000010 0.000010 0.000010
0.038243 0.589806 0.049391 0.052952 0.000010 0.146943 0.074085 0.048570
0.057054 0.608943 0.046168 0.056560 0.010949 0.134253 0.053104 0.032968
0.043914 0.615168 0.026467 0.071391 0.000729 0.140168 0.041339 0.060825
0.046328 0.597711 0.005795 0.061266 0.006074 0.178949 0.037603 0.066273
0.046766 0.603576 0.027116 0.055806 0.014402 0.162341 0.030083 0.059910
0.041039 0.623046 0.020582 0.064283 0.000010 0.166387 0.040701 0.043952
0.043165 0.542759 0.052183 0.066816 0.000010 0.176627 0.046204 0.072237
0.062180 0.607766 0.036118 0.045911 0.010549 0.173727 0.006861 0.056889
0.059914 0.595626 0.029047 0.051924 0.009486 0.157353 0.038056 0.058594
0.044603 0.537978 0.044926 0.056350 0.011286 0.196004 0.070312 0.038542
0.054985 0.567263 0.028631 0.059786 0.030807 0.172275 0.059642 0.026612
0.037341 0.543988 0.031656 0.047791 0.011754 0.213120 0.062444 0.051905
0.047552 0.580839 0.033728 0.044992 0.031922 0.163027 0.033389 0.064550
0.023136 0.474578 0.026918 0.016833 0.030625 0.117868 0.040032 0.270010
0.009785 0.531832 0.044688 0.006187 0.032676 0.121742 0.022044 0.231045
0.000346 0.530306 0.030491 0.018633 0.026714 0.108791 0.015103 0.269617
0.002800 0.489302 0.021648 0.010111 0.031893 0.162874 0.042231 0.239140
0.020625 0.551651 0.032890 0.006259 0.024832 0.122955 0.044323 0.196466
0.000010 0.522711 0.000010 0.002584 0.017863 0.154235 0.031444 0.271144
0.011543 0.504145 0.000010 0.004198 0.026718 0.122834 0.017974 0.312579
0.011968 0.519248 0.037273 0.008703 0.033832 0.170523 0.059827 0.158626
0.021904 0.467744 0.024835 0.004192 0.041959 0.122438 0.050089 0.266840
0.012108 0.505904 0.038562 0.012139 0.030190 0.137223 0.018430 0.245443
0.023750 0.520898 0.043352 0.000010 0.039421 0.140172 0.021566 0.210831
0.005477 0.558421 0.030559 0.014838 0.031708 0.139782 0.049229 0.169987
0.010175 0.492396 0.009074 0.005757 0.041372 0.155253 0.023021 0.262953
0.005363 0.526154 0.017395 0.018670 0.010228 0.124642 0.060472 0.237077
0.015114 0.549460 0.027064 0.000010 0.041996 0.142193 0.033426 0.190736
0.014104 0.529009 0.043900 0.020147 0.030248 0.126980 0.022377 0.213235
0.007915 0.575035 0.006601 0.016830 0.017948 0.114768 0.009322 0.251582
0.000010 0.550456 0.025987 0.000010 0.034178 0.138082 0.024126 0.227149
0.000010 0.519257 0.046329 0.012479 0.041209 0.092373 0.041519 0.246824
0.021050 0.251737 0.354461 0.004581 0.029975 0.245857 0.044416 0.047924
0.000010 0.000010 0.999930 0.000010 0.000010 0.000010 0.000010 0.000010
0.000010 0.000010 0.967175 0.000010 0.000010 0.000010 0.000010 0.032765
0.003598 0.072037 0.808604 0.000010 0.000010 0.088836 0.000010 0.026895
0.000010 0.052166 0.791017 0.019540 0.000010 0.129373 0.007875 0.000010
0.014956 0.203960 0.518927 0.012414 0.029763 0.182701 0.032135 0.005145
0.007331 0.162031 0.647184 0.011951 0.013012 0.133751 0.004801 0.019938
0.012451 0.156307 0.570606 0.002488 0.030846 0.218486 0.007956 0.000862
0.010466 0.095887 0.710176 0.019300 0.000010 0.143136 0.021016 0.000010
0.000010 0.000010 0.999930 0.000010 0.000010 0.000010 0.000010 0.000010
0.000010 0.000010 0.999922 0.000018 0.000010 0.000010 0.000010 0.000010
0.011112 0.149975 0.558830 0.002730 0.003791 0.220867 0.036289 0.016406
0.000010 0.036304 0.860135 0.007156 0.014639 0.081615 0.000131 0.000010
0.015569 0.236750 0.515008 0.000010 0.003357 0.196826 0.015179 0.017301
0.000010 0.201947 0.612417 0.000010 0.013135 0.142886 0.029584 0.000010
0.012125 0.026784 0.731421 0.000010 0.001280 0.164440 0.042339 0.021602
0.005296 0.182326 0.617489 0.000010 0.000010 0.148126 0.029474 0.017268
0.000010 0.000010 0.999930 0.000010 0.000010 0.000010 0.000010 0.000010
0.000010 0.000010 0.999930 0.000010 0.000010 0.000010 0.000010 0.000010
0.000010 0.156394 0.589080 0.000010 0.012855 0.195612 0.031580 0.014459
0.000010 0.100232 0.692099 0.014012 0.006568 0.173196 0.013873 0.000010
0.015205 0.080761 0.039298 0.006699 0.000010 0.048713 0.769639 0.039674
0.001441 0.074924 0.038950 0.000010 0.034932 0.013410 0.815008 0.021326
0.000010 0.075368 0.014560 0.000010 0.001481 0.003700 0.888130 0.016741
0.003881 0.000010 0.010380 0.000010 0.007070 0.000010 0.966981 0.011658
0.006174 0.056306 0.022820 0.000010 0.019961 0.000722 0.879053 0.014953
0.010561 0.000010 0.000010 0.014582 0.000010 0.000010 0.974808 0.000010
0.010849 0.000010 0.023448 0.000010 0.019760 0.000010 0.925209 0.020703
0.004796 0.047706 0.022680 0.000010 0.000010 0.016476 0.901412 0.006910
0.000010 0.006930 0.000010 0.008761 0.000010 0.000010 0.974627 0.009641
0.000010 0.039674 0.041926 0.003452 0.022699 0.000010 0.892219 0.000010
0.011873 0.073326 0.007731 0.000010 0.011700 0.000010 0.860462 0.034889
0.004686 0.033279 0.000010 0.007265 0.010858 0.039298 0.897999 0.006604
0.000010 0.000010 0.000010 0.005057 0.000010 0.000010 0.994883 0.000010
0.000010 0.019135 0.000010 0.003876 0.000010 0.000010 0.964287 0.012662
0.008339 0.050998 0.001840 0.014118 0.012507 0.000010 0.899138 0.013050
0.000010 0.000010 0.000457 0.000010 0.000010 0.000010 0.985992 0.013501
0.000010 0.013296 0.017984 0.012191 0.006900 0.036528 0.913081 0.000010
0.000010 0.056159 0.021750 0.012034 0.010472 0.000010 0.899556 0.000010
0.000010 0.000010 0.000010 0.000010 0.000010 0.000010 0.999930 0.000010
0.000905 0.039462 0.000010 0.018122 0.012850 0.056531 0.872110 0.000010
0.000010 0.093375 0.014611 0.003400 0.000010 0.043005 0.845020 0.000569
0.003953 0.267324 0.007766 0.009248 0.030726 0.036025 0.000010 0.644948
0.001049 0.397474 0.013853 0.000010 0.050926 0.082304 0.025477 0.428907
0.017825 0.470423 0.041817 0.007392 0.042631 0.155924 0.047757 0.216230
0.005175 0.376304 0.018701 0.000010 0.014006 0.119979 0.048269 0.417556
0.000010 0.000010 0.000010 0.000010 0.000010 0.000010 0.000010 0.999930
0.000010 0.000010 0.000010 0.000010 0.000010 0.000010 0.000010 0.999930
0.000010 0.000010 0.000010 0.000010 0.000010 0.000010 0.000010 0.999930
0.002323 0.468432 0.017329 0.005708 0.055475 0.032546 0.025481 0.392706
0.019298 0.397829 0.012540 0.006584 0.028958 0.107776 0.000010 0.427005
0.000010 0.314726 0.012268 0.007831 0.026113 0.074969 0.000010 0.564074
0.013836 0.491694 0.015892 0.021704 0.014030 0.049859 0.037923 0.355062
0.002474 0.460937 0.053001 0.008551 0.011054 0.089578 0.008767 0.365638
0.015102 0.447818 0.014358 0.013123 0.029754 0.143148 0.039853 0.296844
0.000010 0.000010 0.000010 0.000010 0.000010 0.000010 0.000010 0.999930
0.001287 0.437564 0.017835 0.000932 0.050777 0.093118 0.038199 0.360289
0.007344 0.452914 0.033838 0.037318 0.013058 0.100823 0.019722 0.334982
0.015301 0.389306 0.039245 0.006773 0.047378 0.128505 0.017655 0.355837
0.000010 0.371304 0.010519 0.000010 0.032270 0.081842 0.004660 0.499385
0.000010 0.000010 0.000010 0.000010 0.000010 0.000010 0.000010 0.999930
0.000010 0.000010 0.000010 0.000016 0.000010 0.000010 0.000010 0.999924
0.000011 0.469472 0.013809 0.000010 0.013194 0.098081 0.072217 0.333206
0.018026 0.377766 0.016174 0.004894 0.028124 0.110706 0.021417 0.422892
0.003361 0.333644 0.022044 0.003600 0.022167 0.069602 0.014078 0.531506
0.003063 0.399362 0.025305 0.019499 0.012708 0.098220 0.016853 0.424989
0.008122 0.432758 0.043113 0.010029 0.021421 0.087141 0.023616 0.373800
0.013269 0.517941 0.027683 0.000010 0.039427 0.072433 0.013727 0.315511
0.000531 0.398283 0.037202 0.002052 0.024288 0.097955 0.020132 0.419556
0.000010 0.419466 0.029112 0.000332 0.028965 0.094107 0.030112 0.397897
0.009789 0.461114 0.032596 0.000010 0.044003 0.075972 0.039819 0.336697
0.001079 0.451941 0.022241 0.004002 0.026752 0.129650 0.004886 0.359449
0.000010 0.334258 0.016264 0.000010 0.026697 0.091537 0.028806 0.502417
0.000010 0.489499 0.044772 0.000010 0.015269 0.000010 0.000010 0.450420
0.000292 0.453752 0.025921 0.028884 0.007206 0.142553 0.061786 0.279605
0.000010 0.430791 0.018294 0.000010 0.024986 0.106021 0.023217 0.396670
0.012948 0.423697 0.021231 0.005361 0.033819 0.091263 0.020430 0.391251
0.004056 0.449094 0.041887 0.024241 0.026156 0.053551 0.003656 0.397360
0.000673 0.719413 0.014565 0.008224 0.037273 0.135043 0.047911 0.036896
0.012128 0.795202 0.035757 0.008218 0.034821 0.053000 0.033014 0.027860
0.000010 0.882176 0.040917 0.005705 0.044462 0.000010 0.000010 0.026710
0.010801 0.733550 0.059399 0.002550 0.052145 0.105163 0.034011 0.002381
0.021638 0.639199 0.037143 0.015822 0.040983 0.159714 0.032901 0.052600
0.019822 0.732247 0.039105 0.008074 0.045844 0.078248 0.016207 0.060452
0.009976 0.888966 0.034971 0.006137 0.038093 0.000010 0.003427 0.018420
0.007360 0.790937 0.039009 0.010248 0.041470 0.052844 0.021430 0.036701
0.013022 0.709557 0.042179 0.017231 0.042794 0.114011 0.025676 0.035530
0.000010 0.768382 0.030169 0.012171 0.046729 0.057398 0.036465 0.048676
0.013284 0.845838 0.062836 0.006651 0.044518 0.000010 0.019791 0.007072
0.015371 0.726964 0.049908 0.006264 0.034577 0.077845 0.039475 0.049596
0.000010 0.756211 0.044673 0.011955 0.036891 0.069975 0.046241 0.034045
0.004564 0.879212 0.016617 0.005440 0.043477 0.013546 0.000861 0.036282
0.008604 0.863457 0.039516 0.031233 0.025427 0.016571 0.000010 0.015183
0.002492 0.686114 0.019477 0.007632 0.029888 0.145889 0.028350 0.080158
0.000374 0.726455 0.067192 0.039976 0.025956 0.062451 0.036761 0.040835
0.006663 0.794779 0.047402 0.000010 0.064088 0.054425 0.024884 0.007749
0.010021 0.640539 0.033075 0.009665 0.038560 0.132672 0.068270 0.067197
0.016324 0.746116 0.054136 0.003853 0.032638 0.075673 0.043298 0.027962
0.032372 0.688132 0.021258 0.001959 0.012673 0.154563 0.042444 0.046599
0.002722 0.759372 0.062536 0.016073 0.037973 0.047485 0.056241 0.017598
0.004455 0.761772 0.049255 0.012956 0.029860 0.065798 0.034344 0.041559
0.009777 0.693706 0.047730 0.021206 0.029289 0.072029 0.056360 0.069903
0.004294 0.700216 0.016080 0.019289 0.039349 0.123419 0.034932 0.062422
0.000010 0.839054 0.027468 0.003399 0.017248 0.030851 0.028431 0.053539
0.010828 0.750983 0.036621 0.000010 0.043135 0.062212 0.025858 0.070353
0.011398 0.726394 0.059810 0.000010 0.050506 0.066834 0.053682 0.031368
0.006916 0.719262 0.039265 0.015915 0.045687 0.116817 0.009593 0.046546
0.004932 0.571591 0.039393 0.014230 0.050832 0.175295 0.071598 0.072130
0.010936 0.626306 0.025989 0.021122 0.030371 0.161558 0.063996 0.059721
0.012921 0.579713 0.030009 0.015671 0.018437 0.193439 0.084899 0.064910
0.013822 0.624357 0.007419 0.032403 0.027578 0.168832 0.046249 0.079340
0.000010 0.629962 0.048745 0.009658 0.048451 0.158372 0.039864 0.064938
0.001872 0.631624 0.042905 0.031202 0.034391 0.139258 0.055477 0.063271
0.019426 0.599583 0.041359 0.000010 0.065788 0.185124 0.037807 0.050903
0.018617 0.609298 0.042859 0.017604 0.042369 0.178944 0.048563 0.041747
0.009736 0.615018 0.024093 0.017116 0.044379 0.176867 0.043747 0.069043
0.017832 0.623206 0.033879 0.011867 0.026687 0.193773 0.014653 0.078104
0.018947 0.602775 0.010573 0.001759 0.052265 0.203925 0.043667 0.066089
0.013122 0.575821 0.041380 0.011740 0.059521 0.168318 0.061907 0.068191
0.012124 0.593697 0.022163 0.014157 0.033190 0.209582 0.034383 0.080705
0.013792 0.636447 0.025200 0.007619 0.036868 0.173659 0.036235 0.070180
0.013776 0.573364 0.023901 0.012877 0.035265 0.179164 0.075799 0.085854
0.025332 0.581632 0.043288 0.009155 0.035768 0.164745 0.067055 0.073024
0.007872 0.635624 0.020057 0.015113 0.031047 0.179150 0.046763 0.064374
0.017007 0.656155 0.015533 0.008789 0.027004 0.174188 0.039058 0.062265
0.006117 0.599375 0.020016 0.020825 0.031715 0.220873 0.040344 0.060735
0.011818 0.589951 0.036605 0.011724 0.039677 0.201066 0.048576 0.060583
0.015345 0.580509 0.061265 0.009273 0.054955 0.182165 0.049459 0.047029
0.018511 0.574345 0.047094 0.009821 0.032418 0.198616 0.052044 0.067150
0.003353 0.653256 0.013697 0.012333 0.041058 0.152695 0.041108 0.082500
0.010356 0.569196 0.033351 0.024304 0.020279 0.190641 0.064306 0.087566
0.021848 0.584009 0.043430 0.000545 0.044343 0.198511 0.055110 0.052204
0.016348 0.572598 0.034296 0.010639 0.029096 0.174385 0.071764 0.090875
0.024352 0.577697 0.039841 0.008923 0.034974 0.183895 0.071894 0.058424
0.014398 0.566616 0.020831 0.029382 0.032090 0.183772 0.072724 0.080188
0.000010 0.019151 0.000010 0.037269 0.927306 0.000010 0.000010 0.016233
0.000010 0.000010 0.000010 0.000010 0.999930 0.000010 0.000010 0.000010
0.000010 0.000010 0.000010 0.000010 0.999930 0.000010 0.000010 0.000010
0.010322 0.000010 0.000010 0.019408 0.962182 0.000010 0.000010 0.008049
0.012774 0.000010 0.000010 0.000010 0.987166 0.000010 0.000010 0.000010
0.000010 0.000010 0.000010 0.000010 0.999930 0.000010 0.000010 0.000010
0.000010 0.000010 0.000010 0.000010 0.999930 0.000010 0.000010 0.000010
0.000010 0.000010 0.000010 0.023149 0.961877 0.000010 0.000010 0.014924
0.002136 0.048766 0.000010 0.040419 0.888704 0.000010 0.013982 0.005973
0.000010 0.000012 0.000010 0.004364 0.933768 0.035009 0.026817 0.000010
0.000010 0.000010 0.000010 0.000010 0.999930 0.000010 0.000010 0.000010
0.000010 0.000010 0.000010 0.000010 0.999930 0.000010 0.000010 0.000010
0.000010 0.000010 0.000010 0.000010 0.999930 0.000010 0.000010 0.000010
0.000010 0.108001 0.003641 0.044958 0.838408 0.000010 0.004962 0.000010
0.016454 0.057255 0.000010 0.052030 0.851996 0.000010 0.008206 0.014038
0.000010 0.000010 0.000010 0.013768 0.986172 0.000010 0.000010 0.000010
0.000010 0.000010 0.000010 0.000010 0.999930 0.000010 0.000010 0.000010
0.000010 0.000010 0.000010 0.000010 0.999930 0.000010 0.000010 0.000010
0.000010 0.014556 0.000010 0.026188 0.959206 0.000010 0.000010 0.000010
0.005774 0.000010 0.000010 0.005659 0.976503 0.012024 0.000010 0.000010
0.000010 0.041117 0.000010 0.060370 0.898462 0.000010 0.000010 0.000010
0.000010 0.000010 0.000010 0.000010 0.999930 0.000010 0.000010 0.000010
0.000010 0.000010 0.000010 0.000010 0.999930 0.000010 0.000010 0.000010
0.000010 0.000010 0.000950 0.013002 0.963157 0.000010 0.012772 0.010089
0.000010 0.000010 0.000010 0.000010 0.999930 0.000010 0.000010 0.000010
0.005572 0.069522 0.000010 0.043822 0.873323 0.007730 0.000010 0.000010
0.014000 0.028434 0.000010 0.053267 0.858394 0.019829 0.026055 0.000010
0.017713 0.660155 0.012667 0.017421 0.020406 0.167560 0.051743 0.052334
0.001623 0.873734 0.000010 0.026647 0.027827 0.010924 0.059226 0.000010
0.000010 0.622408 0.039470 0.022299 0.033304 0.192967 0.033909 0.055633
0.001131 0.780511 0.013219 0.015214 0.041692 0.067940 0.043270 0.037022
0.007905 0.683254 0.028748 0.015029 0.016805 0.158793 0.020687 0.068780
0.000010 0.824064 0.000010 0.010866 0.034901 0.080562 0.046501 0.003086
0.016734 0.626702 0.030975 0.028290 0.023003 0.170624 0.037945 0.065727
0.009382 0.569659 0.032101 0.017781 0.027044 0.202606 0.056572 0.084856
0.020038 0.661406 0.030693 0.018281 0.032835 0.170977 0.041303 0.024467
0.002419 0.773574 0.008536 0.018406 0.017077 0.064430 0.059325 0.056232
0.000010 0.862370 0.006627 0.014287 0.022813 0.044224 0.035172 0.014498
0.010300 0.911952 0.000010 0.007774 0.034191 0.000010 0.035753 0.000010
0.001569 0.718011 0.032076 0.015106 0.017226 0.115317 0.057346 0.043349
0.021051 0.623682 0.039571 0.016951 0.038537 0.151893 0.057922 0.050392
0.006208 0.662214 0.018010 0.021217 0.031822 0.156467 0.071879 0.032184
0.015518 0.648964 0.024975 0.009567 0.026385 0.156209 0.053048 0.065333
0.004388 0.602008 0.068580 0.017870 0.026378 0.146521 0.086872 0.047384
0.017541 0.575905 0.024653 0.021462 0.040451 0.208845 0.050923 0.060220
0.041879 0.567382 0.034190 0.058840 0.014837 0.151523 0.052183 0.079166
0.036943 0.590170 0.034141 0.049168 0.010045 0.186202 0.029311 0.064020
0.052310 0.601974 0.030987 0.051438 0.006991 0.160285 0.043588 0.052426
0.033411 0.569454 0.024598 0.037526 0.015033 0.188128 0.043887 0.087963
0.062862 0.562444 0.029951 0.039834 0.030973 0.138139 0.063153 0.072645
0.042440 0.613803 0.031015 0.045553 0.011140 0.131216 0.086111 0.038723
0.033795 0.611221 0.050438 0.050967 0.000010 0.156678 0.048031 0.048859
0.001958 0.657413 0.029796 0.011717 0.022028 0.201791 0.038737 0.036560
0.012400 0.623986 0.023835 0.008661 0.034804 0.188264 0.072464 0.035585
0.020887 0.594482 0.057099 0.016671 0.023414 0.173819 0.064468 0.049160
0.000010 0.692396 0.037400 0.023421 0.034218 0.173168 0.020230 0.019158
0.015761 0.594715 0.027840 0.027592 0.035596 0.141445 0.062828 0.094225
0.023727 0.593302 0.024595 0.010773 0.042284 0.190262 0.052443 0.062613
0.009041 0.607627 0.010099 0.015522 0.052210 0.176951 0.054437 0.074114
0.006930 0.639219 0.016610 0.006832 0.013626 0.195104 0.058034 0.063645
0.019129 0.598480 0.030697 0.000098 0.030182 0.187523 0.089073 0.044817
0.018032 0.625174 0.012288 0.000010 0.046787 0.225998 0.030323 0.041388
0.014713 0.642115 0.028111 0.016815 0.031579 0.192884 0.031060 0.042725
0.012463 0.620408 0.026626 0.018919 0.012665 0.198821 0.077415 0.032684
0.000010 0.630638 0.043622 0.012745 0.017862 0.191243 0.045651 0.058228
0.030964 0.587430 0.031686 0.023453 0.044499 0.160140 0.069882 0.051946
0.000010 0.665764 0.034065 0.019424 0.054157 0.183222 0.019728 0.023629
0.018921 0.592955 0.026659 0.019382 0.048650 0.162116 0.063542 0.067774
0.016693 0.623326 0.030602 0.000754 0.042672 0.197827 0.036011 0.052114
0.022052 0.663944 0.011222 0.000333 0.056973 0.159251 0.024870 0.061354
0.003328 0.675258 0.037577 0.018218 0.023013 0.149433 0.046378 0.046795
0.005455 0.657937 0.035466 0.016600 0.032321 0.142335 0.080260 0.029626
0.015138 0.587489 0.021081 0.007318 0.029012 0.189831 0.087395 0.062736
0.012743 0.594333 0.039103 0.004843 0.029055 0.177262 0.076688 0.065974
0.011250 0.618210 0.029826 0.015070 0.033800 0.196999 0.035552 0.059294
0.015923 0.612063 0.065478 0.017528 0.031358 0.147877 0.062054 0.047718
0.008335 0.644177 0.017959 0.026411 0.016137 0.197473 0.018028 0.071479
0.023825 0.597609 0.035536 0.009787 0.023691 0.209919 0.039514 0.060119
0.026337 0.644335 0.004871 0.015595 0.026776 0.190677 0.046835 0.044575
0.021993 0.639390 0.032133 0.013181 0.043909 0.105992 0.075916 0.067487
0.014172 0.627843 0.041862 0.008739 0.028586 0.202292 0.030216 0.046290
0.013123 0.673287 0.018182 0.015640 0.025532 0.129630 0.057511 0.067094
0.025298 0.601695 0.036815 0.021929 0.017870 0.208421 0.008076 0.079896
0.011354 0.687297 0.039594 0.016884 0.026607 0.161552 0.015241 0.041471
0.020664 0.626761 0.029262 0.009951 0.027730 0.164166 0.060784 0.060683
0.014566 0.625101 0.039611 0.018572 0.035813 0.121450 0.079401 0.065486
0.022576 0.583944 0.029806 0.022710 0.037568 0.165092 0.052723 0.085581
0.019519 0.578030 0.026379 0.020166 0.047536 0.200543 0.048440 0.059389
0.024021 0.669550 0.038721 0.015315 0.036171 0.107728 0.031533 0.076961
0.016801 0.597766 0.020991 0.019123 0.040525 0.174457 0.047757 0.082580
0.023135 0.580338 0.053982 0.019610 0.034483 0.159394 0.069866 0.059192
0.010461 0.645103 0.023893 0.013345 0.035644 0.163952 0.037122 0.070479
0.016856 0.593858 0.031698 0.002294 0.037589 0.190151 0.026544 0.101010
0.000698 0.621219 0.048942 0.010953 0.066609 0.138744 0.035075 0.077759
0.015072 0.608237 0.031020 0.011528 0.033192 0.196856 0.051619 0.052475
0.029756 0.651222 0.036025 0.000010 0.053342 0.172967 0.041258 0.015420
0.000182 0.632310 0.032462 0.028737 0.031126 0.192893 0.032334 0.049957
0.003749 0.566782 0.026742 0.020600 0.026991 0.176448 0.083065 0.095625
0.022520 0.590233 0.024526 0.013704 0.035278 0.206999 0.055950 0.050789
0.016726 0.657669 0.035310 0.000010 0.069164 0.114601 0.020648 0.085872
0.005034 0.700292 0.029552 0.004566 0.034205 0.138822 0.048548 0.038980
0.010229 0.612616 0.018292 0.007186 0.040634 0.179467 0.063288 0.068288
0.024976 0.557506 0.047055 0.004374 0.047946 0.186961 0.051575 0.079607
0.009225 0.621632 0.035163 0.006634 0.047252 0.177809 0.043437 0.058847
0.019497 0.595151 0.041329 0.000010 0.043500 0.194824 0.032551 0.073138
0.011794 0.573090 0.062344 0.009955 0.024747 0.188636 0.056315 0.073119
0.027239 0.588515 0.034586 0.000145 0.034470 0.152233 0.074876 0.087936
0.023584 0.563229 0.038646 0.030002 0.023911 0.180297 0.058916 0.081414
0.015445 0.654312 0.009090 0.015451 0.052139 0.143384 0.054887 0.055293
0.015692 0.578073 0.022277 0.011111 0.052380 0.173799 0.029020 0.117648
0.025903 0.627727 0.025707 0.004884 0.034240 0.195693 0.040989 0.044857
0.013313 0.602269 0.066507 0.008038 0.031851 0.165166 0.053542 0.059314
0.026113 0.656469 0.034372 0.000798 0.045398 0.123602 0.055358 0.057890
0.010955 0.642458 0.032297 0.028277 0.004386 0.177672 0.024826 0.079129
0.043158 0.571870 0.016282 0.041144 0.020023 0.196587 0.053815 0.057120
0.053437 0.590024 0.018039 0.048163 0.036779 0.159031 0.038491 0.056036
0.048475 0.612603 0.016075 0.050895 0.007561 0.149952 0.041397 0.073042
0.043314 0.550176 0.012693 0.051212 0.007798 0.200622 0.057375 0.076808
0.034520 0.587660 0.030983 0.048385 0.000010 0.175976 0.065736 0.056729
0.036017 0.606010 0.013506 0.054510 0.021467 0.164067 0.064857 0.039565
0.042648 0.567414 0.018689 0.033056 0.019692 0.176322 0.069942 0.072237
0.037250 0.556592 0.029806 0.061904 0.000010 0.200265 0.044835 0.069337
0.037094 0.602218 0.038453 0.049449 0.029694 0.121284 0.053182 0.068626
0.049726 0.625691 0.013063 0.068120 0.002230 0.123644 0.038770 0.078755
0.036859 0.601171 0.029757 0.065573 0.030342 0.132600 0.053926 0.049773
0.009172 0.650174 0.031299 0.018936 0.026711 0.149171 0.056584 0.057954
0.008101 0.653607 0.024042 0.027748 0.018706 0.152581 0.058024 0.057190
0.003929 0.600144 0.028528 0.017019 0.051864 0.208380 0.049269 0.040867
0.001276 0.664779 0.028722 0.000010 0.048608 0.128419 0.049726 0.078460
0.007889 0.631737 0.028053 0.000010 0.061246 0.156349 0.029460 0.085256
0.007649 0.582982 0.039115 0.010283 0.041218 0.151882 0.077587 0.089284
0.009156 0.738740 0.026452 0.026828 0.024571 0.105668 0.033831 0.034754
0.010927 0.687376 0.051475 0.016986 0.045178 0.117327 0.040320 0.030412
0.001233 0.632215 0.016975 0.000010 0.032481 0.175578 0.076245 0.065261
0.004736 0.760947 0.050845 0.000010 0.054594 0.077766 0.034717 0.016385
0.012546 0.593349 0.023207 0.028462 0.024974 0.200956 0.057499 0.059007
0.009198 0.585841 0.027512 0.009036 0.050338 0.180236 0.069800 0.068040
0.000010 0.681023 0.019883 0.022270 0.026783 0.147725 0.038469 0.063838
0.007799 0.637341 0.024951 0.030725 0.045568 0.150384 0.034253 0.068979
0.008403 0.602919 0.030725 0.019163 0.043623 0.170475 0.061292 0.063400
0.016992 0.628124 0.038923 0.019235 0.043609 0.140519 0.063092 0.049506
0.001816 0.594007 0.029341 0.008493 0.044840 0.190136 0.056555 0.074811
0.001276 0.634302 0.024564 0.008338 0.041859 0.141649 0.066578 0.081435
0.005442 0.771300 0.061833 0.023434 0.022328 0.069313 0.037302 0.009049
0.013591 0.648952 0.041372 0.006777 0.029319 0.169707 0.025177 0.065104
0.002902 0.601847 0.041147 0.003137 0.030847 0.195880 0.075485 0.048756
0.016848 0.620013 0.050013 0.015410 0.038689 0.165851 0.033001 0.060175
0.016485 0.617771 0.023299 0.027203 0.035049 0.208174 0.006572 0.065446
0.019333 0.620659 0.056074 0.000010 0.038908 0.182641 0.054931 0.027444
0.015080 0.598650 0.032986 0.021389 0.028017 0.180885 0.045680 0.077312
0.004183 0.607441 0.054905 0.017185 0.047900 0.179907 0.029953 0.058526
0.022722 0.581929 0.043552 0.012683 0.053381 0.153259 0.057194 0.075281
0.025249 0.601676 0.029793 0.000010 0.043678 0.169549 0.046824 0.083221
0.015815 0.638943 0.041678 0.012630 0.034028 0.139205 0.043839 0.073863
0.006470 0.580172 0.039277 0.020242 0.024514 0.200356 0.056183 0.072786
0.022403 0.570993 0.051060 0.019362 0.024939 0.172379 0.051258 0.087607
0.021047 0.577062 0.031864 0.018085 0.052201 0.159381 0.057512 0.082849
0.013719 0.634317 0.051456 0.026005 0.023167 0.146410 0.058116 0.046811
0.003072 0.617034 0.038692 0.017872 0.031315 0.139151 0.062295 0.090571
0.007525 0.589191 0.032563 0.012323 0.042458 0.168336 0.066322 0.081281
0.020204 0.636512 0.065048 0.001984 0.043084 0.123929 0.057990 0.051248
0.012648 0.606676 0.053055 0.016059 0.029967 0.135759 0.057796 0.088040
0.006346 0.586165 0.028161 0.016159 0.036119 0.212609 0.037322 0.077118
0.024432 0.616396 0.038961 0.021366 0.028036 0.154498 0.032007 0.084305
0.014216 0.585392 0.026528 0.016728 0.039099 0.204882 0.036125 0.077031
0.001753 0.601546 0.020099 0.023750 0.035107 0.196019 0.053627 0.068099
0.003114 0.577680 0.011077 0.013843 0.024617 0.210316 0.092887 0.066466
0.006859 0.634146 0.027350 0.019867 0.035303 0.189383 0.010965 0.076127
0.008234 0.575131 0.040219 0.022171 0.030790 0.159694 0.079091 0.084670
0.015982 0.599155 0.005652 0.020797 0.011191 0.243382 0.037082 0.066758
0.022669 0.603922 0.036951 0.009783 0.047573 0.148072 0.038888 0.092143
0.010648 0.601448 0.037445 0.019201 0.026572 0.174203 0.071711 0.058772
0.026144 0.612159 0.044369 0.017557 0.036001 0.140662 0.056363 0.066745
0.019909 0.619692 0.003842 0.011432 0.039375 0.193123 0.054278 0.058348
0.006750 0.702650 0.000010 0.023669 0.060810 0.168934 0.014152 0.023024
0.024236 0.643621 0.008900 0.002698 0.027659 0.233342 0.017800 0.041745
0.021682 0.666110 0.000010 0.000010 0.045208 0.216363 0.003815 0.046801
0.000010 0.635431 0.024205 0.031636 0.036373 0.220078 0.019979 0.032288
0.028169 0.647335 0.024999 0.001518 0.044754 0.200045 0.011133 0.042046
0.000010 0.592034 0.046168 0.005079 0.051445 0.224513 0.027872 0.052878
0.014419 0.636628 0.002595 0.017032 0.037188 0.236660 0.012219 0.043259
0.010128 0.625975 0.029381 0.015720 0.044903 0.208598 0.026684 0.038610
0.005704 0.640916 0.021598 0.023532 0.038956 0.182925 0.059701 0.026667
0.001792 0.639798 0.034260 0.006536 0.043399 0.209125 0.015098 0.049992
0.024839 0.626092 0.039971 0.013153 0.023489 0.193148 0.007819 0.071488
0.017801 0.611314 0.033639 0.008886 0.039373 0.206376 0.028552 0.054059
0.003361 0.690928 0.000203 0.019791 0.018912 0.221633 0.000010 0.045162
0.008628 0.671192 0.011411 0.012942 0.029445 0.200782 0.035476 0.030123
0.014393 0.644698 0.030495 0.021155 0.012204 0.172592 0.025538 0.078925
0.017548 0.626787 0.019431 0.019673 0.037032 0.183175 0.025175 0.071177
0.019046 0.647956 0.015433 0.008499 0.058066 0.123321 0.047171 0.080508
0.016204 0.594280 0.059487 0.000010 0.048654 0.210342 0.009154 0.061868
0.010697 0.607749 0.039542 0.009438 0.032072 0.154315 0.070513 0.075675
0.015801 0.616044 0.044668 0.008574 0.031619 0.169763 0.049939 0.063591
0.010921 0.622535 0.022999 0.006303 0.053137 0.186138 0.038303 0.059665
0.025877 0.573887 0.038269 0.022042 0.035729 0.162134 0.058103 0.083960
0.010389 0.596455 0.017023 0.014985 0.028922 0.210423 0.049019 0.072783
0.011057 0.567001 0.053412 0.002368 0.052557 0.179251 0.067737 0.066616
0.021269 0.601379 0.043939 0.009435 0.031835 0.170977 0.065823 0.055342
0.000010 0.650887 0.050105 0.020464 0.028843 0.155135 0.052581 0.041975
0.015365 0.602160 0.053387 0.000010 0.048688 0.166650 0.054842 0.058899
0.008692 0.588190 0.045352 0.030657 0.015216 0.181329 0.049122 0.081442
0.004570 0.608573 0.011652 0.017912 0.028317 0.160512 0.090041 0.078422
0.007200 0.646775 0.013039 0.023882 0.048575 0.131759 0.050472 0.078298
0.026944 0.609908 0.054308 0.027012 0.014100 0.163390 0.042973 0.061366
0.015729 0.611120 0.036377 0.006648 0.034065 0.170623 0.030710 0.094728
0.019924 0.618234 0.043224 0.013734 0.032439 0.188660 0.029317 0.054467
0.020046 0.642044 0.036241 0.030307 0.013236 0.135469 0.036032 0.086623
0.016766 0.597604 0.020159 0.000655 0.045927 0.193255 0.056658 0.068976
0.015616 0.570353 0.029160 0.015665 0.024506 0.180693 0.093564 0.070443
0.027861 0.592388 0.039079 0.000895 0.039801 0.151304 0.064022 0.084650
0.000010 0.622421 0.020788 0.022480 0.065876 0.136179 0.019497 0.112747
0.020377 0.647272 0.000010 0.006468 0.035595 0.155689 0.070556 0.064033
0.010650 0.600105 0.040263 0.024134 0.033299 0.194604 0.028246 0.068699
0.011704 0.647112 0.022878 0.018671 0.034224 0.129509 0.052218 0.083685
0.011724 0.612449 0.032217 0.023526 0.022911 0.144013 0.068403 0.084756
0.004418 0.643168 0.020309 0.012980 0.037923 0.180225 0.042135 0.058843
0.009574 0.648152 0.009196 0.009711 0.029750 0.164276 0.048419 0.080922
0.006049 0.620833 0.025259 0.039966 0.020945 0.170314 0.047222 0.069413
0.005475 0.617678 0.044246 0.007252 0.039744 0.170103 0.060026 0.055476
0.011606 0.600578 0.046108 0.017091 0.039930 0.158148 0.050301 0.076237
0.010277 0.655176 0.015953 0.000010 0.037492 0.164707 0.050994 0.065391
0.029167 0.576211 0.025868 0.023884 0.027856 0.202783 0.048125 0.066106
0.016854 0.597015 0.049258 0.019983 0.025729 0.115865 0.081250 0.094047
0.005394 0.628845 0.049789 0.010571 0.044113 0.156505 0.045882 0.058900
0.005979 0.646838 0.016655 0.020547 0.005294 0.165799 0.064289 0.074600
0.021023 0.644888 0.009979 0.023011 0.031024 0.167150 0.047001 0.055924
0.007163 0.628991 0.025976 0.026633 0.024362 0.166169 0.043210 0.077495
0.012166 0.592497 0.020889 0.006839 0.032888 0.178902 0.079712 0.076107
0.011086 0.603929 0.042634 0.023042 0.045158 0.175429 0.049577 0.049143
0.000010 0.658008 0.036288 0.017696 0.033765 0.168824 0.037957 0.047452
0.017377 0.566881 0.019223 0.000740 0.064466 0.237916 0.057275 0.036123
0.007708 0.596278 0.018579 0.016312 0.062271 0.150751 0.067938 0.080164
0.007610 0.650586 0.039966 0.008802 0.044144 0.177035 0.046012 0.025844
