0.739379 0.147578 0.014207 0.041219 0.057617
0.726482 0.166487 0.007651 0.066777 0.032603
0.755179 0.148021 0.010808 0.040958 0.045035
0.759509 0.128598 0.009477 0.047252 0.055164
0.722325 0.152802 0.018526 0.038971 0.067375
0.708961 0.158326 0.018135 0.027442 0.087137
0.744479 0.121825 0.018729 0.029950 0.085018
0.737014 0.145266 0.027805 0.025875 0.064040
0.734183 0.159739 0.003242 0.032241 0.070595
0.722122 0.160843 0.015357 0.046151 0.055528
0.723269 0.156328 0.011355 0.035157 0.073891
0.713891 0.168453 0.014845 0.029708 0.073103
0.706038 0.153884 0.011547 0.061125 0.067406
0.731866 0.172026 0.010959 0.038040 0.047109
0.713999 0.137458 0.023407 0.053125 0.072011
0.718885 0.129548 0.052455 0.029701 0.069411
0.693066 0.164336 0.053316 0.015857 0.073426
0.697577 0.139988 0.053148 0.035236 0.074051
0.635469 0.232051 0.022746 0.037481 0.072253
0.629789 0.283866 0.007955 0.020813 0.057578
0.619492 0.273975 0.023824 0.012669 0.070040
0.635732 0.248359 0.014722 0.037423 0.063764
0.617634 0.236145 0.010567 0.045179 0.090475
0.635399 0.278742 0.005850 0.035259 0.044751
0.617441 0.278026 0.027603 0.027484 0.049446
0.668936 0.230556 0.002867 0.028803 0.068839
0.630854 0.254717 0.031234 0.029272 0.053923
0.594168 0.292167 0.016413 0.033570 0.063682
0.623826 0.280678 0.023991 0.018561 0.052944
0.620970 0.287919 0.018211 0.045330 0.027569
0.617100 0.262779 0.023423 0.032567 0.064132
0.615104 0.257380 0.004874 0.045572 0.077071
0.640785 0.259982 0.012266 0.025227 0.061740
0.610902 0.269448 0.006038 0.028239 0.085373
0.599668 0.294311 0.005772 0.024181 0.076069
0.611663 0.278889 0.008368 0.025708 0.075372
0.597769 0.278592 0.003470 0.040084 0.080085
0.631840 0.260686 0.002818 0.041767 0.062889
0.630812 0.264146 0.010316 0.026069 0.068657
0.599854 0.297992 0.034176 0.031006 0.036972
0.614503 0.298920 0.021118 0.024582 0.040878
0.624444 0.229289 0.021635 0.029257 0.095375
0.642568 0.271156 0.007502 0.014056 0.064718
0.645685 0.255156 0.019401 0.041822 0.037936
0.638951 0.254461 0.018923 0.027592 0.060072
0.643557 0.263981 0.004948 0.037208 0.050305
0.616790 0.139462 0.123238 0.000010 0.120500
0.626480 0.132099 0.140385 0.000010 0.101026
0.643960 0.122033 0.139039 0.000010 0.094958
0.630233 0.129455 0.143649 0.000010 0.096653
0.029972 0.018928 0.000010 0.036217 0.914873
0.032333 0.028605 0.001653 0.024040 0.913368
0.003671 0.034303 0.019880 0.002616 0.939530
0.045137 0.013511 0.000010 0.005119 0.936222
0.004080 0.018044 0.006903 0.016910 0.954064
0.006111 0.007783 0.000010 0.017311 0.968785
0.064090 0.017480 0.000010 0.030962 0.887458
0.000010 0.000010 0.013303 0.010804 0.975874
0.095763 0.013341 0.000010 0.028700 0.862187
0.000010 0.031471 0.004841 0.018417 0.945261
0.055774 0.012120 0.000010 0.001441 0.930655
0.024058 0.013637 0.013068 0.000690 0.948547
0.058792 0.018259 0.004026 0.012166 0.906757
0.000010 0.000010 0.000010 0.000010 0.999960
0.000010 0.000010 0.000010 0.000010 0.999960
0.015864 0.017325 0.002561 0.005258 0.958992
0.000010 0.000010 0.000010 0.000010 0.999960
0.043496 0.000885 0.008003 0.002752 0.944863
0.000010 0.000010 0.000010 0.000010 0.999960
0.758193 0.134029 0.027587 0.021155 0.059036
0.753810 0.113461 0.019560 0.033889 0.079281
0.726297 0.162633 0.020314 0.041004 0.049753
0.766033 0.154694 0.016617 0.009882 0.052775
0.758151 0.156709 0.008318 0.034328 0.042494
0.749259 0.171182 0.019011 0.033447 0.027101
0.769214 0.140627 0.020191 0.030864 0.039104
0.745395 0.142260 0.016566 0.035032 0.060747
0.722229 0.142224 0.000010 0.050048 0.085489
0.743926 0.139538 0.020065 0.029030 0.067441
0.776836 0.145117 0.000010 0.046732 0.031305
0.744857 0.121335 0.037642 0.029785 0.066381
0.728448 0.150933 0.015713 0.029549 0.075357
0.739679 0.136619 0.003549 0.061446 0.058706
0.747290 0.179650 0.032544 0.004119 0.036397
0.745632 0.135220 0.013324 0.027140 0.078684
0.719942 0.155732 0.015086 0.042387 0.066854
0.732594 0.150461 0.014854 0.037903 0.064189
0.713569 0.118798 0.028707 0.050186 0.088740
0.725336 0.151105 0.013186 0.024099 0.086274
0.759314 0.137223 0.016533 0.050426 0.036503
0.720098 0.133697 0.009574 0.064126 0.072505
0.729193 0.145990 0.019491 0.056297 0.049029
0.713618 0.157087 0.017306 0.044853 0.067136
0.724897 0.164090 0.010480 0.048026 0.052507
0.777658 0.132092 0.010721 0.027245 0.052284
0.749694 0.137432 0.022314 0.048495 0.042064
0.775343 0.130994 0.006486 0.027961 0.059217
0.724402 0.157886 0.021976 0.056119 0.039617
0.726752 0.121647 0.019098 0.052976 0.079528
0.742646 0.166888 0.030883 0.013933 0.045650
0.728476 0.137514 0.024629 0.030176 0.079205
0.722023 0.156433 0.015319 0.027637 0.078588
0.763609 0.128351 0.013267 0.037977 0.056797
0.766422 0.156172 0.015603 0.022768 0.039036
0.766562 0.141892 0.025832 0.029145 0.036569
0.752731 0.126727 0.017613 0.045592 0.057336
0.761966 0.141833 0.012826 0.032162 0.051213
0.726067 0.153091 0.002621 0.057604 0.060617
0.746495 0.161543 0.000010 0.038272 0.053679
0.764910 0.166708 0.009650 0.016528 0.042204
0.733734 0.137134 0.007574 0.037098 0.084460
0.686976 0.162201 0.016961 0.055042 0.078819
0.732132 0.154863 0.003936 0.052609 0.056461
0.758219 0.142039 0.015236 0.034407 0.050099
0.724733 0.147234 0.028121 0.017299 0.082613
0.798930 0.133377 0.017968 0.033188 0.016535
0.720660 0.149131 0.009206 0.039054 0.081948
0.732534 0.139099 0.013518 0.040482 0.074367
0.761533 0.135649 0.019271 0.026750 0.056798
0.774263 0.157179 0.025623 0.040565 0.002370
0.729033 0.152720 0.022563 0.031842 0.063841
0.724089 0.148056 0.006421 0.055959 0.065475
0.729729 0.123080 0.017029 0.063086 0.067076
0.748793 0.131577 0.024560 0.032502 0.062568
0.766635 0.166986 0.018654 0.012839 0.034886
0.748206 0.134170 0.023266 0.033599 0.060758
0.723315 0.134050 0.003482 0.042625 0.096529
0.720139 0.161796 0.009730 0.032169 0.076167
0.752330 0.144985 0.021703 0.024421 0.056561
0.757160 0.129717 0.017620 0.038194 0.057309
0.720876 0.151454 0.006612 0.048179 0.072880
0.757822 0.127601 0.018336 0.041661 0.054580
0.783941 0.132962 0.019175 0.025310 0.038613
0.739035 0.144140 0.022204 0.041637 0.052985
0.725413 0.148880 0.019466 0.054838 0.051402
0.748130 0.148971 0.011512 0.042254 0.049133
0.703262 0.137694 0.000010 0.068970 0.090064
0.759070 0.145377 0.027510 0.033546 0.034497
0.729613 0.143475 0.026388 0.049981 0.050543
0.728007 0.149171 0.017211 0.039286 0.066326
0.762929 0.126044 0.015775 0.040002 0.055250
0.799066 0.122335 0.008079 0.030880 0.039640
0.768556 0.132587 0.003243 0.054229 0.041385
0.737992 0.142062 0.006785 0.043616 0.069546
0.752837 0.163415 0.015175 0.014327 0.054245
0.000010 0.000010 0.999960 0.000010 0.000010
0.000010 0.000014 0.999956 0.000010 0.000010
0.000010 0.000010 0.999960 0.000010 0.000010
0.000010 0.000010 0.999960 0.000010 0.000010
0.000010 0.000010 0.999960 0.000010 0.000010
0.000014 0.000010 0.999956 0.000010 0.000010
0.000011 0.000010 0.999959 0.000010 0.000010
0.000010 0.000010 0.999960 0.000010 0.000010
0.000010 0.000014 0.999956 0.000010 0.000010
0.685370 0.156487 0.064652 0.000010 0.093481
0.688388 0.154940 0.072205 0.009032 0.075435
0.716837 0.135155 0.084518 0.001368 0.062122
0.729050 0.127851 0.076026 0.006905 0.060168
0.724396 0.139842 0.068430 0.016272 0.051059
0.726670 0.135091 0.076544 0.000010 0.061685
0.687550 0.164746 0.079526 0.000010 0.068168
0.740201 0.156006 0.064860 0.008772 0.030160
0.717471 0.145913 0.069648 0.007767 0.059200
0.661131 0.164569 0.069337 0.012508 0.092455
0.668314 0.143063 0.074108 0.031277 0.083238
0.685844 0.155700 0.058153 0.015445 0.084859
0.706057 0.146957 0.058317 0.033785 0.054883
0.766608 0.112157 0.020780 0.044087 0.056368
0.774689 0.134359 0.006332 0.046594 0.038026
0.796449 0.115997 0.018950 0.040694 0.027909
0.765261 0.119341 0.011243 0.045460 0.058694
0.768407 0.125027 0.009056 0.036439 0.061071
0.826514 0.087924 0.002685 0.034818 0.048059
0.831089 0.085763 0.007212 0.043513 0.032422
0.724671 0.143219 0.011612 0.043611 0.076887
0.759676 0.111875 0.008139 0.055695 0.064615
0.777447 0.131031 0.014947 0.043157 0.033418
0.768541 0.141214 0.000010 0.052459 0.037777
0.748941 0.127768 0.015826 0.041538 0.065927
0.794157 0.102665 0.009084 0.053558 0.040537
0.772261 0.105723 0.020137 0.024292 0.077588
0.767592 0.128777 0.000010 0.054147 0.049474
0.761088 0.136142 0.022928 0.042041 0.037801
0.827510 0.098945 0.017746 0.031007 0.024792
0.791012 0.121069 0.000010 0.047741 0.040168
0.753791 0.124964 0.012005 0.055079 0.054161
0.429433 0.460920 0.009316 0.037714 0.062617
0.000010 0.999960 0.000010 0.000010 0.000010
0.015867 0.961559 0.000010 0.001211 0.021353
0.140291 0.859679 0.000010 0.000010 0.000010
0.116248 0.849195 0.019982 0.000010 0.014564
0.303381 0.602197 0.016354 0.033473 0.044594
0.241341 0.714816 0.013951 0.014782 0.015110
0.272669 0.662748 0.005989 0.034942 0.023653
0.168554 0.775860 0.022995 0.000010 0.032581
0.000010 0.999960 0.000010 0.000010 0.000010
0.000010 0.988254 0.000010 0.011716 0.000010
0.280871 0.653072 0.005812 0.009490 0.050755
0.050844 0.909973 0.009279 0.020952 0.008952
0.347859 0.610952 0.000010 0.010490 0.030689
0.258621 0.685726 0.000010 0.015760 0.039883
0.140108 0.798478 0.000638 0.008819 0.051958
0.266646 0.693638 0.000010 0.000010 0.039696
0.000010 0.999960 0.000010 0.000010 0.000010
0.000010 0.999960 0.000010 0.000010 0.000010
0.263002 0.673561 0.000010 0.019624 0.043804
0.181626 0.766541 0.012709 0.011670 0.027454
0.143028 0.061713 0.010714 0.000010 0.784536
0.087658 0.047774 0.000010 0.037101 0.827456
0.072196 0.022819 0.000010 0.003842 0.901133
0.000010 0.003164 0.000010 0.011564 0.985252
0.058887 0.027538 0.000010 0.021694 0.891870
0.000010 0.000010 0.015443 0.000010 0.984527
0.000010 0.021715 0.003764 0.024951 0.949560
0.055803 0.028097 0.000010 0.000010 0.916079
0.000010 0.000010 0.009920 0.000010 0.990050
0.012520 0.044651 0.003949 0.026614 0.912266
0.097097 0.012265 0.000010 0.015828 0.874800
0.060486 0.003808 0.008682 0.013350 0.913675
0.000010 0.000010 0.002907 0.000010 0.997063
0.023104 0.000010 0.003215 0.000010 0.973660
0.051283 0.002032 0.015577 0.014692 0.916415
0.000010 0.000010 0.000010 0.000010 0.999960
0.013617 0.032644 0.013327 0.009290 0.931122
0.031569 0.026987 0.011769 0.013210 0.916465
0.000010 0.000010 0.000010 0.000010 0.999960
0.069203 0.001785 0.019410 0.016521 0.893081
0.098415 0.036778 0.003408 0.000991 0.860408
0.868200 0.062930 0.009450 0.059410 0.000010
0.812143 0.078434 0.000010 0.069077 0.040336
0.730160 0.137559 0.011458 0.054600 0.066224
0.810108 0.094005 0.000010 0.036949 0.058928
0.909230 0.010572 0.001759 0.049624 0.028815
0.962451 0.000010 0.000010 0.037519 0.000010
0.975759 0.000010 0.001303 0.022918 0.000010
0.809615 0.074367 0.005094 0.075271 0.035654
0.839941 0.089699 0.009525 0.049536 0.011298
0.865790 0.075456 0.003657 0.054508 0.000589
0.817757 0.080885 0.025474 0.027309 0.048574
0.813391 0.124516 0.008420 0.029715 0.023958
0.776892 0.105599 0.016625 0.044499 0.056384
0.946819 0.001481 0.006286 0.045404 0.000010
0.790093 0.092022 0.000012 0.069491 0.048381
0.787758 0.111005 0.037953 0.030522 0.032763
0.772034 0.120187 0.009248 0.065969 0.032562
0.850180 0.075913 0.000010 0.056605 0.017292
0.902556 0.042318 0.011097 0.033834 0.010194
0.888001 0.036792 0.000010 0.046629 0.028568
0.798604 0.089770 0.000010 0.029758 0.081858
0.815045 0.089864 0.008456 0.050378 0.036257
0.846613 0.076544 0.002513 0.047546 0.026784
0.817578 0.096390 0.021289 0.032536 0.032206
0.798589 0.113975 0.011573 0.039792 0.036072
0.813206 0.101554 0.000010 0.056917 0.028313
0.813151 0.106477 0.000010 0.047599 0.032763
0.806540 0.102024 0.000010 0.050086 0.041340
0.783759 0.102346 0.000010 0.061482 0.052404
0.823540 0.107218 0.005542 0.045365 0.018335
0.822489 0.081250 0.000010 0.053218 0.043033
0.857337 0.087257 0.000010 0.043999 0.011397
0.758147 0.113309 0.029458 0.023147 0.075939
0.824831 0.091081 0.000010 0.045542 0.038536
0.812219 0.092077 0.006596 0.056032 0.033076
0.812090 0.100207 0.025471 0.047885 0.014346
0.759501 0.128004 0.008035 0.040192 0.064268
0.774966 0.130373 0.009406 0.036156 0.049098
0.802538 0.126444 0.001901 0.048096 0.021021
0.726731 0.164970 0.005039 0.052349 0.050911
0.730219 0.151854 0.019734 0.044811 0.053382
0.764962 0.140806 0.011026 0.048785 0.034421
0.808299 0.125001 0.003292 0.040726 0.022682
0.776742 0.133393 0.011045 0.043178 0.035643
0.742642 0.151197 0.020083 0.044662 0.041416
0.768849 0.123097 0.010838 0.048712 0.048504
0.770222 0.146630 0.006205 0.044884 0.032058
0.751582 0.146171 0.008959 0.036208 0.057079
0.749550 0.139630 0.009217 0.038539 0.063064
0.826852 0.106358 0.004300 0.045279 0.017211
0.810891 0.133964 0.030032 0.025103 0.000010
0.774991 0.134504 0.007463 0.036179 0.046863
0.725940 0.154834 0.038521 0.028033 0.052672
0.753137 0.144658 0.000010 0.064104 0.038091
0.721542 0.138055 0.011180 0.043233 0.085990
0.746805 0.153886 0.005409 0.034962 0.058937
0.774030 0.140319 0.007884 0.015656 0.062111
0.720294 0.154493 0.015421 0.037191 0.072600
0.761987 0.141940 0.012866 0.032599 0.050607
0.731349 0.140942 0.021080 0.033422 0.073206
0.761305 0.121422 0.020294 0.043413 0.053566
0.813354 0.120953 0.001942 0.021075 0.042676
0.777638 0.133390 0.000236 0.047259 0.041477
0.724047 0.154478 0.000010 0.053162 0.068303
0.758307 0.147076 0.016697 0.050018 0.027903
0.686295 0.151432 0.015469 0.057038 0.089766
0.717334 0.139664 0.023016 0.035750 0.084236
0.702663 0.148466 0.019431 0.023778 0.105663
0.744256 0.122179 0.034484 0.033720 0.065361
0.720698 0.158535 0.009421 0.054092 0.057255
0.707815 0.148065 0.030911 0.040369 0.072840
0.708142 0.160430 0.000010 0.072848 0.058569
0.703791 0.159102 0.021131 0.047730 0.068246
0.728400 0.139127 0.019014 0.050597 0.062862
0.760337 0.156500 0.015037 0.033308 0.034818
0.739405 0.131221 0.006061 0.058671 0.064641
0.687495 0.152760 0.014487 0.065084 0.080174
0.744734 0.143091 0.016830 0.040775 0.054570
0.748869 0.142917 0.010872 0.042320 0.055022
0.710544 0.136448 0.015615 0.041921 0.095472
0.704190 0.153655 0.013070 0.041473 0.087613
0.742226 0.138537 0.016795 0.037383 0.065059
0.761801 0.135275 0.013174 0.031209 0.058541
0.730685 0.147413 0.023842 0.037653 0.060407
0.715206 0.155874 0.015316 0.045268 0.068336
0.683373 0.176386 0.011853 0.059923 0.068465
0.707391 0.167909 0.013876 0.038163 0.072660
0.751832 0.129907 0.013479 0.046610 0.058171
0.712323 0.150037 0.026446 0.027784 0.083409
0.703427 0.166447 0.005262 0.049389 0.075475
0.717514 0.141072 0.014159 0.036080 0.091175
0.696403 0.156470 0.013950 0.040127 0.093051
0.701108 0.136368 0.032385 0.038557 0.091582
0.027471 0.000010 0.036296 0.933672 0.002551
0.000010 0.000010 0.000010 0.999960 0.000010
0.000010 0.000010 0.000010 0.999960 0.000010
0.006882 0.000010 0.021608 0.971489 0.000010
0.000010 0.000010 0.000010 0.999960 0.000010
0.000010 0.000010 0.000010 0.999960 0.000010
0.000010 0.000010 0.000010 0.999960 0.000010
0.000010 0.000010 0.023706 0.976264 0.000010
0.049775 0.000010 0.041130 0.891842 0.017242
0.021202 0.000245 0.003486 0.940588 0.034479
0.000010 0.000010 0.000010 0.999960 0.000010
0.000010 0.000010 0.000010 0.999960 0.000010
0.000010 0.000010 0.000010 0.999960 0.000010
0.091177 0.007751 0.043257 0.842922 0.014893
0.073308 0.000010 0.053818 0.857088 0.015776
0.000010 0.000010 0.012321 0.987649 0.000010
0.000010 0.000010 0.000010 0.999960 0.000010
0.000010 0.000010 0.000010 0.999960 0.000010
0.008837 0.000010 0.025757 0.965386 0.000010
0.000010 0.000010 0.007512 0.985625 0.006842
0.040954 0.000010 0.059104 0.899922 0.000010
0.000010 0.000010 0.000010 0.999960 0.000010
0.000010 0.000010 0.000010 0.999960 0.000010
0.000010 0.000010 0.011877 0.969934 0.018168
0.000010 0.000010 0.000010 0.999960 0.000010
0.076522 0.000010 0.043259 0.877712 0.002497
0.044268 0.002223 0.054536 0.864260 0.034713
0.749482 0.132162 0.020946 0.024621 0.072789
0.782907 0.087272 0.026363 0.027184 0.076274
0.723838 0.161226 0.022678 0.039246 0.053012
0.768159 0.112356 0.016520 0.043963 0.059002
0.777032 0.144700 0.017079 0.022022 0.039166
0.787072 0.098765 0.011158 0.035616 0.067389
0.732970 0.150546 0.030863 0.028641 0.056981
0.714825 0.153842 0.020594 0.033763 0.076976
0.728063 0.152187 0.022521 0.035105 0.062124
0.785061 0.101553 0.018645 0.020505 0.074237
0.805323 0.102387 0.014627 0.023233 0.054429
0.803369 0.095783 0.011675 0.035610 0.053563
0.752164 0.139102 0.015305 0.019671 0.073759
0.707603 0.152026 0.020632 0.042761 0.076978
0.718453 0.133569 0.022630 0.035180 0.090168
0.745841 0.138307 0.012397 0.031670 0.071785
0.671356 0.173702 0.018936 0.031510 0.104497
0.708340 0.148326 0.025280 0.046250 0.071804
0.697837 0.141744 0.070331 0.017339 0.072751
0.723823 0.152753 0.060173 0.012857 0.050393
0.721054 0.142454 0.064112 0.008495 0.063885
0.723165 0.145063 0.048559 0.018790 0.064423
0.692363 0.135636 0.056656 0.031550 0.083795
0.687294 0.138309 0.057894 0.010685 0.105818
0.706467 0.165014 0.061252 0.000010 0.067256
0.744528 0.156598 0.012786 0.027443 0.058645
0.713780 0.144577 0.010621 0.039492 0.091529
0.695472 0.171252 0.019620 0.028649 0.085007
0.739958 0.158855 0.022739 0.038546 0.039902
0.713538 0.133909 0.030457 0.041836 0.080261
0.720191 0.144151 0.015896 0.047580 0.072182
0.722876 0.127336 0.018121 0.058521 0.073146
0.753394 0.140151 0.008101 0.020099 0.078256
0.698359 0.153036 0.003768 0.035081 0.109757
0.749455 0.144066 0.000010 0.054807 0.051661
0.736800 0.156367 0.019806 0.036875 0.050151
0.712248 0.149805 0.021834 0.017148 0.098964
0.735083 0.163263 0.013289 0.023908 0.064456
0.688529 0.143577 0.028438 0.048832 0.090625
0.726427 0.156582 0.018261 0.059700 0.039030
0.702661 0.137683 0.023810 0.053526 0.082320
0.737044 0.154438 0.005140 0.047524 0.055854
0.759573 0.129272 0.005119 0.060771 0.045265
0.737407 0.152746 0.018943 0.026192 0.064712
0.701385 0.145312 0.018029 0.034856 0.100418
0.709399 0.137203 0.010074 0.035262 0.108062
0.706802 0.154682 0.008191 0.034476 0.095849
0.732688 0.155157 0.017601 0.039707 0.054847
0.689982 0.172473 0.019672 0.035408 0.082465
0.768318 0.142855 0.028805 0.022311 0.037711
0.733009 0.161854 0.015309 0.028960 0.060867
0.746939 0.131224 0.020640 0.031774 0.069424
0.712401 0.128535 0.017696 0.046530 0.094839
0.735485 0.166603 0.012869 0.032834 0.052210
0.750215 0.125792 0.017276 0.030549 0.076167
0.755913 0.163658 0.027214 0.024135 0.029080
0.757607 0.159799 0.019732 0.029900 0.032962
0.726361 0.146104 0.014292 0.032648 0.080596
0.702066 0.140358 0.021237 0.039931 0.096409
0.717496 0.139321 0.026375 0.044085 0.072724
0.705271 0.147657 0.024288 0.053114 0.069670
0.750694 0.140596 0.018451 0.040766 0.049493
0.728067 0.135112 0.022920 0.046349 0.067552
0.684339 0.162158 0.025026 0.038704 0.089773
0.749151 0.138128 0.015880 0.041059 0.055782
0.751742 0.151013 0.006162 0.044654 0.046429
0.711654 0.152375 0.011380 0.072331 0.052260
0.718951 0.154921 0.014732 0.038728 0.072668
0.723109 0.154737 0.000126 0.059128 0.062900
0.726835 0.155155 0.030047 0.036182 0.051781
0.705662 0.137651 0.021500 0.034456 0.100730
0.713418 0.149816 0.018287 0.040831 0.077648
0.747886 0.137264 0.000010 0.075667 0.039173
0.750021 0.140775 0.005373 0.038088 0.065743
0.726699 0.135456 0.009644 0.045928 0.082273
0.703167 0.162259 0.008674 0.054604 0.071296
0.725606 0.150347 0.007975 0.053259 0.062813
0.733959 0.160478 0.000010 0.051913 0.053640
0.703381 0.177025 0.013652 0.030302 0.075639
0.717158 0.143271 0.005170 0.040396 0.094005
0.703602 0.152239 0.034508 0.030284 0.079367
0.732185 0.119023 0.018834 0.055906 0.074052
0.744967 0.133045 0.014607 0.059765 0.047616
0.739731 0.149812 0.009063 0.039040 0.062353
0.702812 0.177843 0.010756 0.036603 0.071986
0.731707 0.139394 0.004343 0.050119 0.074437
0.763992 0.150969 0.030692 0.010194 0.044154
0.707800 0.139991 0.054826 0.021692 0.075690
0.710735 0.128458 0.062332 0.037720 0.060756
0.736764 0.128751 0.065853 0.007512 0.061120
0.712892 0.130949 0.064578 0.010962 0.080619
0.707340 0.146579 0.058814 0.000010 0.087257
0.699920 0.126723 0.064472 0.022669 0.086217
0.706476 0.132844 0.047871 0.021162 0.091648
0.710090 0.150318 0.073131 0.000010 0.066451
0.698754 0.138672 0.058598 0.031551 0.072425
0.737969 0.118291 0.080625 0.004404 0.058712
0.685789 0.134981 0.075669 0.031117 0.072445
0.731993 0.140904 0.020701 0.031357 0.075045
0.733236 0.139105 0.029511 0.022607 0.075541
0.703590 0.151794 0.018330 0.057041 0.069245
0.743391 0.135098 0.000010 0.053886 0.067615
0.745120 0.139353 0.000010 0.067997 0.047519
0.699889 0.145355 0.011422 0.048199 0.095135
0.760245 0.132898 0.029060 0.025547 0.052250
0.718239 0.157199 0.019515 0.047848 0.057199
0.731555 0.134994 0.000010 0.038540 0.094901
0.739788 0.150328 0.000010 0.056164 0.053711
0.715591 0.145173 0.031054 0.030222 0.077960
0.701104 0.142415 0.011012 0.056175 0.089294
0.758319 0.130992 0.022153 0.031604 0.056931
0.724798 0.139554 0.032503 0.051028 0.052116
0.707681 0.142100 0.021374 0.049041 0.079805
0.703642 0.145297 0.021888 0.048323 0.080850
0.718381 0.145226 0.009462 0.052151 0.074780
0.728739 0.131531 0.008640 0.047424 0.083666
0.739585 0.160274 0.023500 0.021177 0.055464
0.749283 0.160853 0.009421 0.034942 0.045501
0.700637 0.163907 0.004015 0.036244 0.095197
0.722437 0.163050 0.018472 0.043688 0.052352
0.750671 0.150694 0.030847 0.040750 0.027037
0.702953 0.176743 0.002567 0.043686 0.074051
0.726775 0.149692 0.024498 0.034166 0.064869
0.709375 0.170532 0.018127 0.053923 0.048042
0.694939 0.153371 0.016754 0.058838 0.076099
0.735293 0.145952 0.000010 0.052108 0.066638
0.737154 0.146833 0.015363 0.039459 0.061191
0.713844 0.156483 0.022429 0.030972 0.076273
0.712259 0.161937 0.023743 0.031194 0.070868
0.702451 0.141400 0.022020 0.057870 0.076258
0.707561 0.158727 0.028472 0.027646 0.077594
0.721787 0.143115 0.018477 0.037087 0.079534
0.710067 0.142271 0.013923 0.048880 0.084859
0.701352 0.167742 0.005005 0.047420 0.078481
0.714470 0.156073 0.018192 0.036105 0.075158
0.729754 0.150774 0.018263 0.043459 0.057751
0.738289 0.151670 0.025963 0.032887 0.051190
0.728799 0.148950 0.020258 0.045789 0.056204
0.720227 0.140067 0.024902 0.041626 0.073177
0.707605 0.133190 0.015595 0.030987 0.112622
0.756729 0.148980 0.022151 0.041526 0.030613
0.694204 0.146441 0.024318 0.036927 0.098111
0.757180 0.141608 0.023889 0.018482 0.058842
0.729938 0.145253 0.013729 0.053210 0.057870
0.703721 0.152267 0.021133 0.032715 0.090164
0.709798 0.152465 0.020714 0.041180 0.075843
0.740688 0.124861 0.015426 0.044374 0.074652
0.755483 0.120153 0.024566 0.064781 0.035017
0.770456 0.148241 0.005412 0.033247 0.042644
0.783637 0.136899 0.000010 0.052612 0.026841
0.732919 0.152975 0.033243 0.041269 0.039594
0.758387 0.153492 0.005779 0.048599 0.033743
0.711619 0.177037 0.004990 0.059498 0.046857
0.761342 0.140545 0.019950 0.043163 0.035000
0.731259 0.153595 0.018224 0.050057 0.046865
0.710416 0.143713 0.024305 0.043855 0.077711
0.746846 0.160794 0.008280 0.048352 0.035727
0.758906 0.165628 0.017359 0.029396 0.028712
0.736962 0.156414 0.012680 0.044702 0.049242
0.796717 0.137915 0.021472 0.024328 0.019568
0.753528 0.140987 0.014305 0.033851 0.057329
0.764259 0.149341 0.023431 0.018410 0.044559
0.752669 0.136434 0.023244 0.042779 0.044875
0.741582 0.119946 0.010791 0.063041 0.064640
0.727105 0.185697 0.002911 0.055251 0.029036
0.713600 0.147087 0.011341 0.038211 0.089762
0.721923 0.161089 0.011252 0.036448 0.069288
0.733812 0.141235 0.008507 0.059477 0.056969
0.706575 0.147917 0.026266 0.041894 0.077347
0.737532 0.137969 0.017628 0.036250 0.070620
0.684750 0.164997 0.004826 0.058462 0.086965
0.708036 0.155867 0.013411 0.036801 0.085885
0.713365 0.161935 0.019906 0.033981 0.070814
0.705858 0.165668 0.000010 0.055035 0.073429
0.716846 0.161711 0.033507 0.021168 0.066767
0.718147 0.120213 0.019084 0.033772 0.108784
0.735485 0.117665 0.024881 0.054510 0.067458
0.713826 0.172063 0.031250 0.018960 0.063901
0.752397 0.148713 0.008754 0.041218 0.048917
0.727509 0.166262 0.017201 0.037522 0.051506
0.750109 0.142862 0.033788 0.018888 0.054353
0.726339 0.140454 0.004254 0.052177 0.076776
0.695188 0.141907 0.019711 0.029871 0.113323
0.714938 0.149468 0.006777 0.044604 0.084213
0.747187 0.121159 0.022691 0.073425 0.035538
0.751708 0.106018 0.009249 0.041740 0.091286
0.726190 0.160852 0.026517 0.039585 0.046855
0.741464 0.129110 0.020092 0.039538 0.069796
0.718212 0.141191 0.025683 0.028774 0.086140
0.740385 0.139903 0.015363 0.043135 0.061214
0.761902 0.122672 0.011777 0.035830 0.067819
0.726199 0.139885 0.041348 0.026514 0.066053
0.710819 0.156683 0.008224 0.045341 0.078933
0.710601 0.155580 0.019539 0.045623 0.068657
0.753265 0.131677 0.000010 0.044676 0.070373
0.720431 0.147144 0.029193 0.033882 0.069351
0.701724 0.146056 0.022427 0.031502 0.098290
0.714641 0.160871 0.012509 0.049090 0.062889
0.756534 0.127084 0.021893 0.011153 0.083336
0.743421 0.126899 0.026393 0.035893 0.067395
0.741315 0.138573 0.028382 0.029996 0.061735
0.720098 0.132156 0.008549 0.039780 0.099416
0.697721 0.158198 0.025875 0.049735 0.068471
0.733613 0.153995 0.017154 0.039297 0.055940
0.698755 0.148683 0.004668 0.069762 0.078133
0.704191 0.125428 0.016930 0.068853 0.084599
0.716870 0.161016 0.009957 0.048898 0.063258
0.704501 0.149698 0.017407 0.042249 0.086144
0.713080 0.138471 0.000010 0.069712 0.078726
0.721068 0.156672 0.018840 0.020519 0.082900
0.723974 0.124368 0.011684 0.048311 0.091663
0.742255 0.171416 0.031038 0.034071 0.021220
0.615485 0.272142 0.012811 0.035975 0.063587
0.619845 0.248214 0.015869 0.027769 0.088303
0.640540 0.257115 0.013606 0.039880 0.048859
0.643172 0.252009 0.021426 0.027207 0.056186
0.607373 0.290791 0.005208 0.027686 0.068941
0.657663 0.250803 0.000010 0.048418 0.043106
0.634971 0.255721 0.024008 0.023307 0.061993
0.659779 0.249131 0.011931 0.032184 0.046975
0.642397 0.254281 0.010704 0.026653 0.065965
0.649960 0.234200 0.014582 0.031366 0.069892
0.618460 0.255936 0.005334 0.031150 0.089120
0.653237 0.249037 0.018896 0.024666 0.054164
0.632657 0.246546 0.008808 0.036879 0.075110
0.647777 0.258606 0.019962 0.018788 0.054867
0.661813 0.249921 0.019170 0.020141 0.048955
0.615280 0.319152 0.003251 0.014442 0.047874
0.654072 0.246113 0.017525 0.028572 0.053717
0.610506 0.263602 0.024011 0.027449 0.074431
0.633995 0.250485 0.019326 0.041241 0.054952
0.628830 0.307191 0.007739 0.028631 0.027609
0.636874 0.247846 0.018766 0.043048 0.053466
0.632411 0.241377 0.011613 0.036205 0.078395
0.632890 0.259788 0.013181 0.017604 0.076537
0.628852 0.273920 0.005191 0.029282 0.062755
0.596134 0.262957 0.000010 0.052205 0.088694
0.619020 0.255421 0.000010 0.045734 0.079815
0.582976 0.280295 0.004707 0.041292 0.090729
0.621511 0.250844 0.005156 0.034331 0.088158
0.622336 0.239192 0.016586 0.021630 0.100255
0.595223 0.284113 0.016721 0.029814 0.074129
0.642358 0.253661 0.012715 0.028776 0.062489
0.638638 0.257046 0.008973 0.031883 0.063461
0.620418 0.258425 0.024107 0.027869 0.069181
0.634113 0.252442 0.010894 0.041058 0.061493
0.630114 0.244842 0.005436 0.032587 0.087021
0.616098 0.274476 0.010688 0.036879 0.061860
0.631145 0.257318 0.013032 0.036555 0.061950
0.595810 0.292215 0.014747 0.031823 0.065405
0.618899 0.284468 0.023569 0.018579 0.054486
0.627497 0.271082 0.011155 0.034065 0.056200
0.594886 0.278173 0.008022 0.045130 0.073789
0.666430 0.225528 0.007607 0.037710 0.062725
0.630359 0.299731 0.006504 0.011699 0.051706
0.641367 0.292084 0.003915 0.031853 0.030780
0.623336 0.255318 0.016235 0.020873 0.084237
0.654287 0.261011 0.022547 0.006847 0.055308
0.648470 0.236588 0.015754 0.048412 0.050776
0.660498 0.213697 0.013156 0.038669 0.073980
0.760393 0.157879 0.003456 0.060004 0.018269
0.743744 0.155395 0.006991 0.032530 0.061341
0.752614 0.134825 0.010036 0.040178 0.062347
0.743188 0.142041 0.012420 0.060237 0.042113
0.766962 0.130550 0.026208 0.022973 0.053308
0.743957 0.141146 0.011293 0.041308 0.062297
0.777359 0.127440 0.024944 0.015690 0.054566
0.750882 0.142027 0.020081 0.043564 0.043446
0.740639 0.120120 0.021713 0.032391 0.085137
0.724880 0.150264 0.005080 0.046834 0.072943
0.784129 0.150281 0.002401 0.029015 0.034173
0.754128 0.156753 0.001501 0.060201 0.027418
0.779900 0.124412 0.005320 0.031598 0.058770
0.742231 0.135471 0.017838 0.058429 0.046031
0.723629 0.134340 0.005051 0.060889 0.076091
0.712550 0.165859 0.000046 0.056025 0.065520
0.741448 0.152535 0.024259 0.035698 0.046060
0.733451 0.146162 0.015954 0.042714 0.061719
0.772100 0.123052 0.006369 0.031422 0.067057
0.735299 0.145513 0.003884 0.052432 0.062872
0.724687 0.153900 0.015642 0.023623 0.082148
0.719596 0.125196 0.015627 0.043324 0.096256
0.737692 0.165633 0.006294 0.041704 0.048677
0.738710 0.160933 0.010644 0.039822 0.049891
0.740122 0.134462 0.021369 0.045824 0.058223
0.692068 0.145594 0.013602 0.048426 0.100310
0.718532 0.170686 0.011730 0.042957 0.056094
0.701719 0.160447 0.009009 0.063792 0.065033
0.705537 0.164080 0.015935 0.058040 0.056409
0.717033 0.156574 0.018958 0.049905 0.057530
0.711529 0.141244 0.016690 0.047128 0.083409
0.724627 0.149388 0.009485 0.035837 0.080663
0.742680 0.142748 0.009219 0.042719 0.062634
0.718441 0.154094 0.011414 0.033182 0.082869
0.722762 0.154161 0.015547 0.037036 0.070494
0.713798 0.149106 0.029899 0.028201 0.078996
0.732038 0.153673 0.007141 0.039494 0.067654
0.715786 0.161400 0.022115 0.031312 0.069387
0.717368 0.139590 0.014357 0.044547 0.084137
