0.044042 0.112878 0.843079
0.060937 0.090494 0.848569
0.038024 0.101423 0.860553
0.043566 0.109739 0.846695
0.046095 0.122550 0.831355
0.034097 0.142513 0.823390
0.036929 0.138056 0.825014
0.042723 0.119131 0.838145
0.022734 0.127705 0.849562
0.050047 0.112474 0.837479
0.034589 0.130006 0.835405
0.033482 0.130322 0.836196
0.060535 0.122925 0.816539
0.037120 0.105708 0.857171
0.065376 0.124883 0.809742
0.074719 0.117620 0.807661
0.064204 0.124513 0.811283
0.080933 0.124190 0.794877
0.050763 0.133818 0.815419
0.019079 0.126899 0.854022
0.027238 0.134403 0.838360
0.041355 0.128231 0.830414
0.044520 0.151605 0.803875
0.030276 0.113486 0.856237
0.046945 0.117100 0.835955
0.019657 0.131435 0.848908
0.050924 0.118423 0.830653
0.041402 0.129724 0.828874
0.034343 0.119951 0.845707
0.054954 0.097492 0.847554
0.046366 0.128941 0.824693
0.039241 0.142935 0.817825
0.027309 0.128795 0.843897
0.024814 0.151287 0.823898
0.021306 0.142084 0.836610
0.022907 0.144134 0.832959
0.034354 0.145338 0.820308
0.033545 0.128515 0.837940
0.025994 0.135010 0.838996
0.058352 0.104618 0.837030
0.035073 0.111094 0.853833
0.039971 0.155532 0.804497
0.013345 0.131660 0.854994
0.051017 0.101725 0.847257
0.035866 0.126691 0.837442
0.031604 0.118371 0.850025
0.126376 0.160289 0.713335
0.137220 0.138674 0.724106
0.138186 0.133722 0.728092
0.149371 0.133434 0.717195
0.031377 0.924244 0.044379
0.021409 0.923792 0.054799
0.019359 0.947069 0.033573
0.000010 0.945522 0.054468
0.020574 0.961447 0.017979
0.009730 0.976108 0.014162
0.023632 0.897729 0.078640
0.020178 0.979812 0.000010
0.019889 0.873426 0.106685
0.021968 0.955894 0.022139
0.000010 0.938968 0.061022
0.010503 0.955419 0.034078
0.012130 0.917225 0.070645
0.000010 0.999980 0.000010
0.000010 0.999980 0.000010
0.004674 0.966433 0.028893
0.000010 0.999980 0.000010
0.006824 0.951738 0.041438
0.000010 0.999980 0.000010
0.036774 0.113333 0.849893
0.039595 0.131114 0.829291
0.049100 0.106891 0.844009
0.014025 0.110460 0.875515
0.029840 0.100393 0.869767
0.041123 0.085670 0.873207
0.039376 0.094740 0.865884
0.039159 0.115813 0.845028
0.033661 0.141637 0.824702
0.037387 0.122154 0.840459
0.029106 0.089944 0.880950
0.056477 0.117775 0.825749
0.034153 0.130753 0.835093
0.050903 0.114166 0.834931
0.025714 0.095135 0.879152
0.028962 0.133155 0.837883
0.045297 0.122887 0.831817
0.040224 0.119846 0.839930
0.065885 0.139275 0.794840
0.024041 0.141853 0.834106
0.054463 0.091839 0.853699
0.061091 0.126175 0.812734
0.062964 0.103788 0.833248
0.050552 0.122681 0.826767
0.045542 0.110445 0.844013
0.024333 0.108580 0.867087
0.058713 0.096828 0.844460
0.021302 0.114908 0.863789
0.066410 0.095834 0.837755
0.059554 0.131557 0.808889
0.033326 0.103522 0.863152
0.042869 0.133077 0.824054
0.031870 0.134861 0.833269
0.038206 0.111180 0.850614
0.026211 0.096775 0.877014
0.042874 0.092414 0.864712
0.050050 0.111150 0.838801
0.032650 0.106461 0.860889
0.047413 0.117647 0.834939
0.024692 0.112597 0.862711
0.013076 0.101855 0.885069
0.032775 0.138471 0.828754
0.060137 0.134254 0.805609
0.043316 0.113712 0.842972
0.037392 0.106491 0.856117
0.034222 0.136760 0.829018
0.037920 0.072258 0.889822
0.035556 0.137514 0.826930
0.042187 0.128897 0.828916
0.033664 0.112157 0.854179
0.053974 0.060619 0.885407
0.042965 0.119314 0.837721
0.048680 0.121452 0.829868
0.066884 0.119624 0.813492
0.045033 0.116675 0.838292
0.020308 0.093883 0.885809
0.045611 0.115071 0.839318
0.032838 0.150298 0.816864
0.030064 0.133250 0.836686
0.033461 0.112550 0.853990
0.042788 0.111116 0.846096
0.041334 0.128882 0.829783
0.047469 0.108129 0.844402
0.031952 0.094740 0.873308
0.052522 0.107986 0.839491
0.063598 0.106722 0.829680
0.041650 0.105471 0.852879
0.054916 0.143672 0.801412
0.049133 0.090134 0.860733
0.065167 0.105071 0.829762
0.045014 0.121402 0.833585
0.043512 0.108884 0.847604
0.025372 0.094404 0.880224
0.042713 0.096794 0.860493
0.037520 0.124808 0.837673
0.017557 0.112128 0.870314
0.999980 0.000010 0.000010
0.999980 0.000010 0.000010
0.999980 0.000010 0.000010
0.999980 0.000010 0.000010
0.999980 0.000010 0.000010
0.999980 0.000010 0.000010
0.999980 0.000010 0.000010
0.999980 0.000010 0.000010
0.999980 0.000010 0.000010
0.053188 0.145638 0.801174
0.079531 0.124109 0.796360
0.084686 0.109119 0.806196
0.080756 0.107028 0.812216
0.079476 0.100912 0.819611
0.071115 0.110853 0.818032
0.077440 0.119163 0.803397
0.070514 0.081742 0.847743
0.073012 0.107718 0.819271
0.077488 0.141102 0.781409
0.101282 0.130624 0.768094
0.067648 0.135958 0.796394
0.084054 0.106242 0.809705
0.050812 0.110045 0.839144
0.038654 0.094741 0.866606
0.045077 0.083408 0.871515
0.042815 0.112428 0.844758
0.032222 0.115065 0.852713
0.023386 0.102169 0.874445
0.034843 0.086979 0.878177
0.042021 0.132037 0.825941
0.050063 0.117129 0.832808
0.044552 0.088902 0.866546
0.037962 0.094856 0.867182
0.044403 0.119556 0.836041
0.048925 0.093831 0.857244
0.030306 0.129043 0.840650
0.036409 0.105660 0.857931
0.052772 0.092717 0.854511
0.035396 0.077157 0.887447
0.030535 0.096176 0.873290
0.052296 0.109082 0.838622
0.043216 0.147068 0.809717
0.000010 0.145927 0.854063
0.010854 0.159443 0.829703
0.005676 0.124038 0.870286
0.021214 0.140025 0.838760
0.047398 0.145592 0.807011
0.033512 0.127597 0.838891
0.043008 0.126225 0.830768
0.021062 0.146284 0.832654
0.017821 0.129434 0.852745
0.030378 0.130003 0.839619
0.016067 0.153524 0.830408
0.036976 0.136666 0.826358
0.011812 0.128516 0.859672
0.018430 0.150463 0.831107
0.017814 0.151797 0.830388
0.000010 0.150014 0.849976
0.017562 0.123914 0.858524
0.021659 0.140079 0.838262
0.017560 0.144989 0.837451
0.030417 0.130370 0.839213
0.006250 0.803162 0.190588
0.030793 0.842594 0.126613
0.000010 0.911381 0.088609
0.008509 0.991275 0.000215
0.014688 0.903070 0.082242
0.006058 0.993932 0.000010
0.025281 0.959834 0.014885
0.000010 0.926541 0.073449
0.002514 0.997476 0.000010
0.026406 0.922467 0.051126
0.009572 0.885588 0.104841
0.017671 0.920300 0.062029
0.000010 0.999980 0.000010
0.000010 0.987468 0.012522
0.026005 0.923607 0.050389
0.000010 0.999980 0.000010
0.019501 0.939820 0.040679
0.021079 0.925923 0.052998
0.000010 0.999980 0.000010
0.031374 0.900309 0.068316
0.000010 0.873631 0.126359
0.052478 0.050670 0.896851
0.049717 0.092802 0.857481
0.053256 0.120375 0.826369
0.019925 0.112258 0.867817
0.035316 0.072940 0.891744
0.026518 0.041929 0.931553
0.011811 0.050120 0.938068
0.063915 0.085330 0.850755
0.043743 0.064548 0.891709
0.042562 0.053166 0.904272
0.037178 0.100953 0.861869
0.022339 0.080815 0.896846
0.047267 0.108353 0.844381
0.032840 0.040814 0.926346
0.053915 0.100878 0.845207
0.055715 0.086291 0.857994
0.060449 0.086984 0.852567
0.038671 0.071831 0.889498
0.029455 0.061784 0.908760
0.029382 0.080427 0.890191
0.013232 0.133912 0.852856
0.043801 0.088174 0.868024
0.033685 0.079803 0.886511
0.040074 0.086554 0.873372
0.037224 0.090148 0.872628
0.040140 0.082299 0.877561
0.030621 0.087872 0.881507
0.033951 0.094403 0.871646
0.043431 0.105445 0.851125
0.034813 0.073314 0.891873
0.036574 0.095115 0.868311
0.026123 0.066561 0.907316
0.039143 0.127612 0.833245
0.026709 0.091733 0.881558
0.048850 0.085104 0.866046
0.059789 0.067038 0.873173
0.034930 0.118917 0.846153
0.034315 0.103848 0.861836
0.034485 0.077565 0.887950
0.043865 0.109211 0.846923
0.052842 0.109244 0.837914
0.046385 0.091212 0.862403
0.029923 0.078340 0.891737
0.041432 0.091373 0.867194
0.051977 0.097887 0.850136
0.045212 0.102833 0.851955
0.037689 0.089410 0.872902
0.031593 0.113021 0.855385
0.035400 0.118380 0.846221
0.033442 0.070934 0.895624
0.042259 0.057180 0.900561
0.029677 0.102682 0.867641
0.055937 0.108537 0.835527
0.044886 0.095738 0.859376
0.041660 0.140228 0.818112
0.026986 0.116006 0.857008
0.010906 0.118702 0.870392
0.040244 0.128628 0.831127
0.032278 0.106570 0.861151
0.043573 0.127084 0.829343
0.049802 0.107417 0.842781
0.009614 0.098849 0.891537
0.032527 0.097978 0.869496
0.039528 0.125355 0.835118
0.054098 0.084330 0.861573
0.060753 0.143751 0.795496
0.047761 0.137392 0.814847
0.031379 0.159572 0.809048
0.057107 0.117598 0.825295
0.051718 0.113687 0.834595
0.060238 0.127315 0.812447
0.055217 0.116713 0.828070
0.057228 0.123618 0.819154
0.057649 0.116867 0.825484
0.036604 0.092386 0.871010
0.050869 0.118643 0.830488
0.067129 0.134736 0.798136
0.045143 0.110193 0.844664
0.039279 0.111182 0.849540
0.045350 0.148604 0.806046
0.042551 0.143060 0.814389
0.041227 0.119572 0.839201
0.030101 0.113186 0.856713
0.049459 0.115900 0.834641
0.048223 0.124545 0.827232
0.060709 0.126068 0.813223
0.040474 0.129471 0.830055
0.045813 0.111946 0.842242
0.042916 0.137763 0.819321
0.042874 0.132265 0.824861
0.038022 0.145499 0.816479
0.041859 0.148180 0.809961
0.060364 0.143794 0.795843
0.935305 0.024806 0.039889
0.999980 0.000010 0.000010
0.999980 0.000010 0.000010
0.954538 0.027119 0.018343
0.963505 0.007908 0.028587
0.999980 0.000010 0.000010
0.999980 0.000010 0.000010
0.978566 0.002034 0.019399
0.908206 0.034456 0.057338
0.913729 0.042524 0.043747
0.999980 0.000010 0.000010
0.970812 0.029178 0.000010
0.999980 0.000010 0.000010
0.866523 0.034954 0.098523
0.886492 0.034333 0.079175
0.999980 0.000010 0.000010
0.999980 0.000010 0.000010
0.999980 0.000010 0.000010
0.952145 0.012900 0.034955
0.949473 0.037024 0.013502
0.941108 0.003901 0.054991
0.963746 0.000010 0.036244
0.999980 0.000010 0.000010
0.949596 0.048971 0.001433
0.999980 0.000010 0.000010
0.900885 0.019058 0.080057
0.897698 0.052538 0.049764
0.033804 0.126174 0.840023
0.038875 0.126221 0.834904
0.050719 0.109651 0.839629
0.046788 0.112858 0.840354
0.026231 0.095968 0.877800
0.033214 0.119072 0.847713
0.049502 0.111978 0.838520
0.042607 0.132493 0.824900
0.045750 0.117949 0.836301
0.025769 0.125476 0.848756
0.023034 0.106803 0.870163
0.032690 0.105792 0.861519
0.022642 0.128413 0.848944
0.052216 0.131603 0.816180
0.046196 0.142832 0.810972
0.032217 0.126805 0.840978
0.039741 0.160732 0.799527
0.059634 0.126194 0.814173
0.082050 0.121339 0.796611
0.067827 0.101837 0.830336
0.068463 0.113268 0.818269
0.060335 0.115820 0.823845
0.080308 0.132118 0.787574
0.063350 0.153383 0.783267
0.053957 0.119844 0.826199
0.027744 0.115775 0.856480
0.038528 0.146064 0.815408
0.037218 0.141212 0.821570
0.050236 0.096938 0.852826
0.061024 0.132691 0.806285
0.050730 0.126824 0.822446
0.062959 0.126519 0.810521
0.015934 0.133768 0.850298
0.026854 0.164677 0.808469
0.041158 0.108196 0.850646
0.044054 0.106522 0.849424
0.028208 0.153429 0.818363
0.025627 0.121754 0.852619
0.066703 0.143236 0.790061
0.066570 0.095059 0.838371
0.065614 0.135349 0.799037
0.040761 0.112767 0.846472
0.052519 0.099041 0.848439
0.034021 0.120519 0.845460
0.041998 0.153644 0.804358
0.032698 0.161555 0.805747
0.029377 0.151124 0.819499
0.044193 0.111336 0.844471
0.044259 0.138735 0.817006
0.039185 0.093897 0.866919
0.031593 0.118182 0.850225
0.041071 0.122687 0.836242
0.051099 0.147086 0.801815
0.033265 0.109665 0.857069
0.035408 0.129097 0.835495
0.039795 0.087629 0.872576
0.036247 0.091194 0.872560
0.034562 0.135738 0.829700
0.049959 0.149141 0.800899
0.059229 0.126028 0.814743
0.066612 0.123443 0.809945
0.046767 0.104520 0.848713
0.057419 0.120804 0.821777
0.052613 0.144634 0.802753
0.044031 0.111080 0.844889
0.037026 0.103159 0.859815
0.070815 0.108255 0.820931
0.040968 0.128272 0.830760
0.047079 0.119662 0.833259
0.055142 0.107345 0.837513
0.044922 0.153668 0.801410
0.047803 0.132623 0.819573
0.061094 0.095528 0.843378
0.029239 0.121384 0.849377
0.042565 0.136171 0.821264
0.051728 0.127985 0.820287
0.048740 0.118961 0.832299
0.038031 0.111427 0.850542
0.032739 0.133684 0.833577
0.032035 0.149012 0.818954
0.054051 0.133267 0.812683
0.061650 0.125649 0.812701
0.061554 0.102269 0.836177
0.035907 0.118529 0.845564
0.035330 0.130276 0.834394
0.041781 0.129697 0.828522
0.029721 0.100522 0.869756
0.072456 0.124434 0.803110
0.092531 0.109633 0.797836
0.071376 0.109744 0.818880
0.072546 0.127525 0.799929
0.053689 0.137241 0.809071
0.079044 0.134422 0.786534
0.062044 0.140026 0.797930
0.064271 0.118682 0.817047
0.082561 0.121807 0.795632
0.079966 0.105569 0.814465
0.100293 0.120225 0.779482
0.040023 0.129074 0.830903
0.040583 0.129280 0.830136
0.064230 0.123758 0.812012
0.037637 0.123858 0.838505
0.052347 0.104023 0.843629
0.047981 0.148903 0.803116
0.041961 0.105933 0.852106
0.055378 0.112899 0.831723
0.021204 0.149622 0.829174
0.042546 0.110166 0.847288
0.050784 0.131811 0.817405
0.055514 0.142868 0.801618
0.040744 0.111144 0.848111
0.072135 0.105423 0.822442
0.057748 0.133538 0.808714
0.058227 0.134595 0.807178
0.049071 0.129733 0.821195
0.043346 0.137586 0.819069
0.032818 0.112428 0.854754
0.031663 0.103561 0.864776
0.028402 0.151748 0.819850
0.050938 0.109017 0.840045
0.060615 0.082880 0.856505
0.034181 0.132280 0.833539
0.047075 0.120272 0.832653
0.061103 0.105275 0.833622
0.063128 0.130957 0.805915
0.039369 0.122457 0.838174
0.041751 0.117281 0.840968
0.042369 0.131781 0.825849
0.043953 0.126826 0.829221
0.068098 0.129839 0.802063
0.045260 0.133370 0.821370
0.044177 0.133927 0.821895
0.050917 0.138391 0.810691
0.039357 0.135700 0.824944
0.042861 0.130921 0.826218
0.049540 0.113156 0.837304
0.048276 0.106997 0.844727
0.053288 0.111910 0.834802
0.054545 0.126719 0.818737
0.035391 0.165324 0.799284
0.051112 0.087410 0.861478
0.049525 0.151710 0.798765
0.031734 0.113530 0.854736
0.054930 0.113196 0.831874
0.042985 0.144747 0.812269
0.050729 0.130725 0.818546
0.048001 0.127321 0.824678
0.075624 0.087690 0.836686
0.026997 0.099623 0.873380
0.037689 0.084185 0.878126
0.063344 0.095123 0.841533
0.042487 0.091282 0.866231
0.051945 0.105876 0.842179
0.050046 0.090811 0.859143
0.055925 0.102935 0.841140
0.057252 0.131162 0.811586
0.043965 0.093617 0.862419
0.035100 0.087146 0.877754
0.044799 0.106444 0.848757
0.032670 0.075897 0.891433
0.035300 0.112866 0.851834
0.029819 0.101344 0.868836
0.054559 0.099282 0.846159
0.061182 0.117241 0.821576
0.046084 0.089684 0.864232
0.037957 0.144531 0.817512
0.036068 0.126008 0.837924
0.055081 0.112089 0.832830
0.057131 0.131162 0.811706
0.041619 0.125053 0.833328
0.051296 0.143040 0.805664
0.038190 0.141332 0.820478
0.042234 0.126899 0.830867
0.042250 0.130583 0.827167
0.044388 0.122344 0.833269
0.041551 0.159800 0.798649
0.066621 0.119266 0.814112
0.040479 0.120407 0.839114
0.037727 0.105957 0.856316
0.043071 0.108933 0.847995
0.041546 0.109008 0.849446
0.042453 0.131654 0.825894
0.038200 0.166063 0.795737
0.038151 0.139388 0.822461
0.082980 0.088812 0.828208
0.038071 0.141693 0.820236
0.055384 0.103090 0.841526
0.047301 0.122955 0.829744
0.042117 0.139224 0.818659
0.045991 0.115671 0.838338
0.033797 0.121834 0.844369
0.057756 0.119642 0.822602
0.041380 0.134613 0.824007
0.053462 0.124057 0.822482
0.031094 0.124946 0.843960
0.051645 0.123825 0.824530
0.043297 0.151622 0.805080
0.049613 0.119248 0.831138
0.021097 0.135745 0.843157
0.050341 0.120646 0.829013
0.048474 0.115577 0.835950
0.036583 0.152060 0.811357
0.064658 0.123620 0.811722
0.043794 0.112487 0.843719
0.061148 0.132764 0.806087
0.073613 0.136103 0.790283
0.045808 0.120209 0.833983
0.047785 0.140446 0.811769
0.053625 0.133844 0.812531
0.028629 0.138614 0.832757
0.047399 0.143936 0.808665
0.056251 0.079070 0.864680
0.041049 0.130535 0.828415
0.034068 0.151026 0.814906
0.044916 0.113749 0.841334
0.038860 0.119093 0.842046
0.023273 0.139834 0.836893
0.036065 0.109602 0.854333
0.037768 0.127025 0.835208
0.034529 0.112045 0.853426
0.026618 0.131358 0.842024
0.036332 0.132004 0.831665
0.026707 0.155172 0.818121
0.033536 0.118790 0.847674
0.035635 0.136655 0.827711
0.029107 0.119801 0.851092
0.029335 0.115298 0.855366
0.009316 0.119111 0.871572
0.035390 0.118885 0.845726
0.042605 0.138987 0.818409
0.051288 0.119465 0.829247
0.027287 0.096803 0.875909
0.051566 0.117582 0.830852
0.037840 0.141728 0.820432
0.021291 0.142266 0.836443
0.024299 0.130278 0.845423
0.041139 0.154967 0.803894
0.034724 0.143463 0.821813
0.036618 0.156466 0.806916
0.029385 0.150862 0.819753
0.030008 0.162010 0.807983
0.038347 0.141378 0.820275
0.030598 0.126427 0.842975
0.029735 0.128804 0.841462
0.041994 0.132455 0.825551
0.042482 0.125365 0.832153
0.027737 0.150978 0.821284
0.038641 0.127702 0.833657
0.038805 0.127886 0.833309
0.038198 0.136725 0.825077
0.033490 0.121324 0.845185
0.036659 0.123809 0.839532
0.044475 0.139263 0.816262
0.034965 0.125834 0.839201
0.008438 0.121955 0.869607
0.025360 0.100129 0.874511
0.027114 0.148561 0.824324
0.019819 0.121959 0.858222
0.053463 0.114367 0.832170
0.041594 0.134737 0.823669
0.048601 0.077628 0.873771
0.026747 0.118385 0.854868
0.036944 0.117122 0.845934
0.060994 0.097062 0.841944
0.037729 0.106841 0.855430
0.039441 0.117979 0.842581
0.028629 0.108203 0.863167
0.051056 0.098775 0.850169
0.042765 0.136840 0.820395
0.039076 0.128532 0.832391
0.017561 0.092361 0.890078
0.049396 0.085766 0.864838
0.023017 0.112942 0.864042
0.064197 0.100558 0.835245
0.052488 0.129989 0.817523
0.043209 0.122540 0.834252
0.046771 0.102372 0.850858
0.046139 0.116937 0.836924
0.024539 0.121687 0.853775
0.043486 0.118576 0.837938
0.028289 0.137822 0.833889
0.046403 0.147986 0.805611
0.035699 0.106649 0.857651
0.038081 0.107251 0.854668
0.055720 0.112121 0.832159
0.049355 0.153762 0.796883
0.041740 0.113936 0.844325
0.060345 0.120829 0.818826
0.061427 0.113271 0.825302
0.057459 0.113336 0.829204
0.051911 0.137040 0.811050
0.033000 0.136230 0.830771
0.039563 0.118182 0.842255
0.033270 0.138622 0.828108
0.040919 0.125945 0.833135
0.046722 0.132994 0.820284
0.033823 0.124211 0.841966
0.041767 0.125913 0.832320
0.047449 0.138036 0.814514
