0.046991 0.032904 0.045819 0.034176 0.211923 0.579778 0.015115 0.023965 0.009330
0.040729 0.010234 0.054234 0.059858 0.194191 0.574400 0.044507 0.017769 0.004078
0.051065 0.022564 0.062470 0.033547 0.160165 0.612286 0.031613 0.018390 0.007901
0.033554 0.034924 0.068443 0.040306 0.156299 0.632691 0.012780 0.013590 0.007413
0.046340 0.046764 0.039386 0.033207 0.173560 0.603792 0.029153 0.011424 0.016375
0.053790 0.064715 0.046355 0.020890 0.179442 0.562483 0.038197 0.020294 0.013834
0.033718 0.062378 0.049629 0.022334 0.195832 0.605317 0.000010 0.013923 0.016859
0.050891 0.037583 0.030903 0.018476 0.226102 0.581656 0.011198 0.019935 0.023255
0.025159 0.047625 0.051239 0.025152 0.219709 0.584260 0.027659 0.019187 0.000010
0.028168 0.034894 0.068437 0.039139 0.162798 0.599271 0.048385 0.003985 0.014923
0.046218 0.051076 0.038708 0.029479 0.179947 0.589481 0.032208 0.027377 0.005504
0.043443 0.053560 0.031845 0.024042 0.159889 0.611472 0.051031 0.011570 0.013148
0.043225 0.048803 0.035467 0.055562 0.128046 0.618547 0.048084 0.011727 0.010539
0.024574 0.026154 0.076867 0.030742 0.182606 0.590286 0.052026 0.007537 0.009208
0.054202 0.049642 0.037179 0.047077 0.155240 0.590937 0.020999 0.025073 0.019649
0.038350 0.044137 0.043104 0.026036 0.213997 0.554509 0.001810 0.037271 0.040785
0.042749 0.049911 0.058047 0.013902 0.175084 0.527311 0.046471 0.049121 0.037402
0.058962 0.051018 0.050897 0.032478 0.161896 0.529063 0.026886 0.050698 0.038102
0.026120 0.046297 0.031693 0.029046 0.337375 0.410220 0.080755 0.022218 0.016276
0.018062 0.016370 0.003899 0.000010 0.724709 0.171203 0.049681 0.016056 0.000010
0.010747 0.000010 0.000010 0.000010 0.984144 0.000010 0.000010 0.005049 0.000010
0.014507 0.030877 0.015983 0.020048 0.688381 0.190022 0.026760 0.007295 0.006128
0.030305 0.062190 0.030133 0.034433 0.406077 0.347961 0.072847 0.010995 0.005061
0.019620 0.010016 0.032777 0.017423 0.594895 0.238070 0.072424 0.014766 0.000010
0.022765 0.023168 0.018394 0.016596 0.436008 0.346743 0.106275 0.008560 0.021490
0.019348 0.040327 0.059636 0.013149 0.432407 0.355825 0.055273 0.024025 0.000010
0.045232 0.021713 0.058295 0.016905 0.419578 0.303232 0.087573 0.022360 0.025113
0.000010 0.000010 0.000010 0.000010 0.999920 0.000010 0.000010 0.000010 0.000010
0.000010 0.000010 0.000010 0.000546 0.981261 0.000010 0.000010 0.009766 0.008378
0.033332 0.000010 0.013199 0.030202 0.582789 0.226331 0.092215 0.008791 0.013133
0.029515 0.027544 0.016518 0.018858 0.580606 0.241572 0.058952 0.011062 0.015372
0.029732 0.046084 0.002431 0.032733 0.516915 0.299608 0.068292 0.004195 0.000010
0.019950 0.027603 0.040590 0.007894 0.571529 0.265839 0.059453 0.000010 0.007132
0.037340 0.053867 0.027568 0.013192 0.542837 0.245444 0.077046 0.002253 0.000453
0.000010 0.000010 0.000010 0.000010 0.999920 0.000010 0.000010 0.000010 0.000010
0.019058 0.031106 0.000010 0.000010 0.945850 0.003937 0.000010 0.000010 0.000010
0.013293 0.046108 0.028332 0.019595 0.674702 0.157187 0.056736 0.004038 0.000010
0.018700 0.018365 0.015966 0.017283 0.710339 0.169389 0.032013 0.017936 0.000010
0.044227 0.037483 0.004585 0.013665 0.464109 0.349217 0.080125 0.000010 0.006579
0.003701 0.000010 0.015110 0.015146 0.785242 0.093665 0.053971 0.012607 0.020549
0.000010 0.000010 0.000010 0.000010 0.999920 0.000010 0.000010 0.000010 0.000010
0.028194 0.069006 0.057362 0.016726 0.371784 0.353608 0.074318 0.012012 0.016989
0.025056 0.024350 0.018819 0.000010 0.716706 0.169242 0.040764 0.004436 0.000616
0.038851 0.009684 0.023842 0.028733 0.446228 0.359448 0.078139 0.000010 0.015065
0.008420 0.031591 0.035903 0.011258 0.575187 0.276292 0.048935 0.000010 0.012404
0.028372 0.016830 0.040120 0.022630 0.520764 0.301586 0.068573 0.000010 0.001116
0.000010 0.000010 0.000010 0.000010 0.000010 0.000010 0.000010 0.999920 0.000010
0.000010 0.000010 0.000010 0.000010 0.000010 0.000010 0.000010 0.999920 0.000010
0.000010 0.000010 0.000010 0.000010 0.000010 0.000010 0.000010 0.999920 0.000010
0.000010 0.000010 0.000010 0.000010 0.000010 0.000010 0.000010 0.999920 0.000010
0.014214 0.893779 0.008539 0.031645 0.000010 0.031719 0.020074 0.000010 0.000010
0.027525 0.894454 0.000010 0.021828 0.006334 0.019708 0.021643 0.008488 0.000010
0.008547 0.895107 0.013605 0.000010 0.067675 0.000010 0.002467 0.000010 0.012569
0.030073 0.912107 0.013033 0.000010 0.044737 0.000010 0.000010 0.000010 0.000010
0.004474 0.931022 0.012653 0.012040 0.019756 0.000010 0.012834 0.000010 0.007202
0.007737 0.947835 0.000010 0.014968 0.011021 0.003581 0.008707 0.006130 0.000010
0.007424 0.868735 0.000010 0.027748 0.033197 0.062161 0.000706 0.000010 0.000010
0.044230 0.941880 0.000010 0.002916 0.000010 0.000010 0.000010 0.000010 0.010925
0.008236 0.843350 0.009858 0.025032 0.042034 0.069224 0.000010 0.002247 0.000010
0.000010 0.928916 0.000600 0.017638 0.000010 0.013967 0.031412 0.003031 0.004416
0.000333 0.909877 0.005744 0.000010 0.037698 0.045335 0.000984 0.000010 0.000010
0.012242 0.927958 0.025096 0.000010 0.000010 0.004595 0.018720 0.000010 0.011360
0.003219 0.888608 0.006493 0.009509 0.056630 0.028637 0.002096 0.002596 0.002211
0.000010 0.999920 0.000010 0.000010 0.000010 0.000010 0.000010 0.000010 0.000010
0.000010 0.999920 0.000010 0.000010 0.000010 0.000010 0.000010 0.000010 0.000010
0.027056 0.935361 0.018280 0.000010 0.000010 0.000010 0.016735 0.000010 0.002527
0.000010 0.999920 0.000010 0.000010 0.000010 0.000010 0.000010 0.000010 0.000010
0.023890 0.920380 0.000764 0.000010 0.047691 0.000010 0.000010 0.000644 0.006600
0.000010 0.996675 0.000010 0.002626 0.000010 0.000010 0.000010 0.000638 0.000010
0.063688 0.037652 0.046878 0.013319 0.192731 0.602477 0.002513 0.017320 0.023421
0.041851 0.058241 0.040624 0.027432 0.166844 0.641645 0.000010 0.006234 0.017120
0.045178 0.030263 0.059831 0.034545 0.148452 0.601288 0.052242 0.009898 0.018304
0.044202 0.032922 0.064399 0.002461 0.130988 0.656164 0.041053 0.012683 0.015130
0.057506 0.017705 0.045852 0.025953 0.227332 0.587459 0.018786 0.014514 0.004894
0.045263 0.005485 0.066824 0.026049 0.181097 0.595250 0.048561 0.016060 0.015411
0.053902 0.015609 0.049572 0.023910 0.180982 0.626932 0.014843 0.017706 0.016543
0.074761 0.038759 0.065896 0.027451 0.148051 0.592083 0.022824 0.017204 0.012972
0.046833 0.063327 0.043871 0.042144 0.189793 0.582135 0.020898 0.010989 0.000010
0.046287 0.043927 0.032639 0.023600 0.179003 0.623184 0.016583 0.017902 0.016875
0.037948 0.008921 0.052099 0.039694 0.147785 0.667697 0.027506 0.018340 0.000010
0.042194 0.043921 0.036569 0.023921 0.172853 0.635910 0.000438 0.008667 0.035527
0.039402 0.053236 0.038648 0.023850 0.165943 0.627279 0.032783 0.004611 0.014249
0.023609 0.041514 0.045016 0.056315 0.132498 0.670291 0.026113 0.000398 0.004246
0.041200 0.014511 0.060259 0.000010 0.187262 0.597676 0.053386 0.018224 0.027471
0.060333 0.055516 0.021624 0.022665 0.185234 0.618505 0.010091 0.016930 0.009102
0.034124 0.044986 0.039721 0.036101 0.195535 0.586457 0.032834 0.019565 0.010676
0.039085 0.041462 0.068786 0.030445 0.194589 0.570739 0.026762 0.016884 0.011248
0.039835 0.065409 0.035212 0.043704 0.180875 0.595205 0.000010 0.014531 0.025218
0.037790 0.064620 0.040585 0.017582 0.187403 0.600786 0.029152 0.011832 0.010251
0.039448 0.015545 0.041660 0.044600 0.171376 0.649481 0.011126 0.012435 0.014330
0.023316 0.049856 0.065268 0.057022 0.212552 0.565304 0.006963 0.013158 0.006561
0.037867 0.028245 0.052750 0.050030 0.163887 0.601300 0.030728 0.019797 0.015397
0.021235 0.046536 0.031408 0.039443 0.187266 0.615207 0.032788 0.009983 0.016135
0.042583 0.031153 0.021434 0.040781 0.237330 0.587616 0.027032 0.003324 0.008747
0.012913 0.030527 0.035597 0.024096 0.173081 0.689374 0.007709 0.019067 0.007636
0.036947 0.020854 0.015669 0.043542 0.187599 0.650599 0.007865 0.017273 0.019650
0.036797 0.035117 0.028430 0.022846 0.176492 0.667560 0.004856 0.025262 0.002639
0.038507 0.018938 0.074348 0.048459 0.176669 0.572026 0.039814 0.011525 0.019716
0.029741 0.058730 0.077360 0.044928 0.175689 0.575408 0.004305 0.017547 0.016291
0.057672 0.023561 0.053992 0.005961 0.207463 0.579220 0.036938 0.007099 0.028093
0.030520 0.057917 0.071726 0.023672 0.155562 0.596287 0.025410 0.017490 0.021417
0.033408 0.061157 0.052909 0.022697 0.087456 0.660590 0.058129 0.007963 0.015690
0.025056 0.038489 0.065758 0.031722 0.124144 0.680542 0.014890 0.005784 0.013614
0.020901 0.018416 0.048939 0.015933 0.177180 0.667938 0.028793 0.007198 0.014702
0.023099 0.016563 0.070413 0.022686 0.144684 0.664606 0.023571 0.009538 0.024839
0.028971 0.039394 0.049220 0.039953 0.106322 0.689938 0.016696 0.013244 0.016262
0.039316 0.029590 0.052074 0.025583 0.150590 0.653583 0.021372 0.018323 0.009568
0.023677 0.042247 0.059949 0.051121 0.117054 0.640754 0.050746 0.012648 0.001804
0.021497 0.033999 0.022317 0.033653 0.133336 0.698798 0.047215 0.009176 0.000010
0.020656 0.022914 0.072153 0.010274 0.148185 0.651253 0.049408 0.017899 0.007258
0.062602 0.064014 0.023239 0.033876 0.125207 0.641341 0.023902 0.022855 0.002964
0.052868 0.057094 0.035960 0.048430 0.165940 0.569101 0.047348 0.008312 0.014946
0.020853 0.036748 0.062906 0.046939 0.142222 0.633403 0.044178 0.010504 0.002248
0.025363 0.028926 0.035288 0.030891 0.123150 0.702333 0.028118 0.012022 0.013909
0.019174 0.060943 0.028507 0.013126 0.155258 0.654961 0.028748 0.012829 0.026455
0.040524 0.000010 0.042431 0.029611 0.080583 0.758002 0.025028 0.006610 0.017202
0.026002 0.061648 0.062612 0.032436 0.152057 0.607616 0.035917 0.015265 0.006447
0.013564 0.052842 0.023404 0.037332 0.113622 0.688078 0.029071 0.032350 0.009738
0.030329 0.035485 0.026042 0.022525 0.102625 0.720167 0.025565 0.020450 0.016811
0.028464 0.000010 0.079406 0.032582 0.144781 0.637773 0.039106 0.015585 0.022293
0.028191 0.045200 0.033790 0.027956 0.119683 0.665114 0.043670 0.015583 0.020814
0.023039 0.046900 0.055820 0.049364 0.149262 0.634559 0.034729 0.000010 0.006317
0.040480 0.048600 0.052767 0.056455 0.135329 0.629391 0.013604 0.006997 0.016377
0.052920 0.039483 0.037761 0.025234 0.185226 0.613812 0.008368 0.015278 0.021919
0.016332 0.014930 0.026371 0.008734 0.119510 0.736698 0.054218 0.003544 0.019663
0.030231 0.042617 0.034195 0.029264 0.117438 0.689020 0.025056 0.009537 0.022641
0.034876 0.075336 0.056112 0.035664 0.157204 0.610523 0.020169 0.008011 0.002104
0.039133 0.054210 0.014329 0.028887 0.150126 0.646538 0.044387 0.014670 0.007720
0.024841 0.037804 0.048853 0.019669 0.129992 0.678266 0.031492 0.008779 0.020304
0.040423 0.037181 0.063339 0.033443 0.109935 0.655200 0.022917 0.023665 0.013898
0.025586 0.051254 0.032237 0.043486 0.148737 0.651599 0.037375 0.003697 0.006030
0.041995 0.034543 0.027179 0.037385 0.087123 0.713298 0.022467 0.018527 0.017482
0.024691 0.016649 0.049633 0.020022 0.124378 0.709983 0.017281 0.020800 0.016562
0.021433 0.030871 0.047047 0.034878 0.184079 0.620822 0.019924 0.022214 0.018732
0.023574 0.030876 0.057255 0.048507 0.163739 0.613447 0.035841 0.007905 0.018855
0.028430 0.028786 0.027422 0.037308 0.138253 0.691110 0.030299 0.007444 0.010949
0.009484 0.071150 0.041970 0.063906 0.117598 0.648826 0.034631 0.012425 0.000010
0.021679 0.017489 0.040657 0.028873 0.098769 0.716733 0.038357 0.011131 0.026311
0.026609 0.030039 0.021623 0.046126 0.143405 0.663325 0.027340 0.017317 0.024218
0.055243 0.045351 0.010880 0.034508 0.130782 0.653851 0.038265 0.015409 0.015710
0.039437 0.034754 0.032259 0.035056 0.132731 0.680680 0.010629 0.021090 0.013364
0.032681 0.020927 0.042565 0.026774 0.082056 0.756546 0.012144 0.019793 0.006513
0.030029 0.022129 0.059315 0.048913 0.164401 0.653184 0.012602 0.008831 0.000596
0.037483 0.046963 0.024727 0.039741 0.142878 0.667321 0.023536 0.013472 0.003880
0.034182 0.032287 0.054594 0.009497 0.130216 0.647383 0.049281 0.032599 0.009960
0.000010 0.000010 0.000010 0.000010 0.000010 0.000010 0.000010 0.000010 0.999920
0.000010 0.000010 0.000010 0.000010 0.000010 0.000011 0.000010 0.000010 0.999919
0.000010 0.000010 0.000010 0.000010 0.000010 0.000010 0.000010 0.000010 0.999920
0.000010 0.000010 0.000010 0.000010 0.000010 0.000010 0.000010 0.000010 0.999920
0.000010 0.000010 0.000010 0.000010 0.000010 0.000010 0.000010 0.000010 0.999920
0.000010 0.000010 0.000010 0.000010 0.000010 0.000010 0.000010 0.000010 0.999920
0.000010 0.000010 0.000010 0.000010 0.000010 0.000010 0.000010 0.000010 0.999920
0.000010 0.000010 0.000010 0.000010 0.000010 0.000010 0.000010 0.000010 0.999920
0.000010 0.000010 0.000010 0.000010 0.000010 0.000010 0.000010 0.000010 0.999920
0.041903 0.071602 0.038397 0.000010 0.147175 0.563238 0.046832 0.038325 0.052516
0.042237 0.050773 0.023262 0.009547 0.134202 0.583394 0.043392 0.056735 0.056459
0.039706 0.039337 0.050136 0.000010 0.139616 0.592471 0.023697 0.043850 0.071176
0.027976 0.036255 0.056751 0.005166 0.178199 0.584928 0.002872 0.046188 0.061665
0.033697 0.028489 0.049175 0.013475 0.161748 0.586768 0.024258 0.046521 0.055869
0.045059 0.038195 0.032957 0.000010 0.165764 0.595536 0.017728 0.040956 0.063795
0.033155 0.044463 0.063099 0.000010 0.174868 0.525297 0.049602 0.042842 0.066663
0.040720 0.004550 0.046065 0.009362 0.172477 0.585510 0.033270 0.062011 0.046034
0.041266 0.035765 0.048296 0.008322 0.155907 0.572222 0.026652 0.059709 0.051861
0.038971 0.068219 0.030292 0.010062 0.195393 0.514201 0.042113 0.044361 0.056389
0.042436 0.057317 0.017306 0.029520 0.170392 0.542142 0.026251 0.054985 0.059652
0.049946 0.059793 0.043419 0.010215 0.211270 0.511175 0.029311 0.037353 0.047518
0.037349 0.031271 0.055333 0.030966 0.163424 0.557779 0.031247 0.047762 0.044869
0.022112 0.039165 0.261163 0.029966 0.115349 0.467627 0.024534 0.023275 0.016809
0.042612 0.019861 0.221924 0.031328 0.119196 0.506639 0.042639 0.009638 0.006163
0.018709 0.014089 0.260971 0.026268 0.109236 0.523712 0.027886 0.000022 0.019107
0.027113 0.040662 0.230196 0.031012 0.160748 0.477954 0.019236 0.002670 0.010409
0.018259 0.043929 0.186705 0.024398 0.120622 0.548552 0.030063 0.020756 0.006716
0.000010 0.029321 0.259647 0.017806 0.149048 0.541105 0.000010 0.000010 0.003044
0.003025 0.016741 0.301800 0.026527 0.118973 0.515936 0.000010 0.011519 0.005469
0.035872 0.057853 0.150514 0.032671 0.169029 0.498796 0.034843 0.011701 0.008721
0.018406 0.048786 0.258594 0.041413 0.120864 0.463072 0.022879 0.021657 0.004328
0.021617 0.017519 0.237676 0.029347 0.136849 0.496375 0.036400 0.011933 0.012284
0.014710 0.020555 0.200742 0.039331 0.139028 0.520487 0.041494 0.023643 0.000010
0.046446 0.046861 0.160650 0.030181 0.138055 0.529076 0.028531 0.005534 0.014666
0.033374 0.021254 0.253929 0.040350 0.152078 0.475541 0.007588 0.009992 0.005894
0.026609 0.058744 0.229131 0.009105 0.124496 0.512586 0.015254 0.005331 0.018744
0.029160 0.032006 0.182139 0.040978 0.140239 0.535470 0.024740 0.015258 0.000010
0.035183 0.020757 0.204844 0.028958 0.126392 0.507881 0.041735 0.013918 0.020331
0.054027 0.006874 0.242061 0.016207 0.113556 0.538703 0.004306 0.007701 0.016566
0.038204 0.022426 0.217625 0.032953 0.136496 0.528567 0.023709 0.000010 0.000010
0.005307 0.040485 0.238349 0.040816 0.091445 0.525610 0.044599 0.000010 0.013379
0.028022 0.042618 0.044967 0.029051 0.245033 0.231819 0.353139 0.020986 0.004364
0.000010 0.000010 0.000010 0.000010 0.000010 0.000010 0.999919 0.000011 0.000010
0.000010 0.000010 0.032647 0.000010 0.000010 0.000010 0.967283 0.000010 0.000010
0.021788 0.000010 0.026376 0.000010 0.088526 0.050857 0.808724 0.003699 0.000010
0.000010 0.006834 0.000010 0.000010 0.128531 0.055974 0.789192 0.000010 0.019429
0.033286 0.030478 0.002133 0.028732 0.180973 0.179741 0.517903 0.014925 0.011829
0.016431 0.003980 0.017692 0.012449 0.131463 0.152501 0.646275 0.007340 0.011869
0.000010 0.006978 0.000010 0.030678 0.215055 0.162444 0.569901 0.012312 0.002611
0.000012 0.019900 0.000016 0.000010 0.139301 0.102631 0.708795 0.010127 0.019209
0.000010 0.000010 0.000010 0.000010 0.000010 0.000010 0.999920 0.000010 0.000010
0.000010 0.000010 0.000010 0.000010 0.000010 0.000010 0.999920 0.000010 0.000010
0.000010 0.035382 0.013535 0.003730 0.217910 0.158289 0.557549 0.010681 0.002914
0.048538 0.000010 0.000010 0.010996 0.071984 0.000010 0.862305 0.000010 0.006137
0.031085 0.014141 0.014483 0.002204 0.196003 0.213002 0.513506 0.015567 0.000010
0.016609 0.028277 0.000010 0.012306 0.140799 0.190644 0.611335 0.000010 0.000010
0.000019 0.041784 0.020591 0.001153 0.162870 0.030938 0.730697 0.011937 0.000010
0.036884 0.026677 0.016043 0.000010 0.146262 0.152032 0.616805 0.005276 0.000010
0.000010 0.000010 0.000010 0.000010 0.000010 0.000010 0.999920 0.000010 0.000010
0.000010 0.000010 0.000010 0.000010 0.000010 0.000010 0.999920 0.000010 0.000010
0.023460 0.030303 0.012473 0.011739 0.194353 0.139428 0.588224 0.000010 0.000010
0.012665 0.013393 0.000010 0.005793 0.170612 0.092131 0.691435 0.000010 0.013950
0.010441 0.766567 0.038048 0.000010 0.047179 0.077666 0.038448 0.015162 0.006479
0.037655 0.811466 0.019614 0.033406 0.013350 0.044623 0.038346 0.001530 0.000010
0.029090 0.883706 0.015596 0.000361 0.003062 0.053816 0.014348 0.000010 0.000010
0.004992 0.963176 0.011632 0.006430 0.000010 0.000010 0.009995 0.003745 0.000010
0.009272 0.874964 0.014753 0.019349 0.000847 0.052323 0.022132 0.006349 0.000010
0.000010 0.974052 0.000010 0.000010 0.000010 0.000010 0.000010 0.010781 0.015107
0.000010 0.923510 0.021244 0.020177 0.000010 0.000010 0.024101 0.010928 0.000010
0.000010 0.897305 0.004462 0.000010 0.012775 0.058926 0.022292 0.004209 0.000010
0.006808 0.969661 0.009776 0.000010 0.000010 0.005321 0.000010 0.000010 0.008394
0.014554 0.888383 0.000010 0.022026 0.000010 0.030712 0.041114 0.000010 0.003182
0.019716 0.856132 0.032794 0.010639 0.000010 0.061743 0.007215 0.011740 0.000010
0.005935 0.894539 0.005711 0.010049 0.038700 0.032849 0.000010 0.004810 0.007397
0.000010 0.994511 0.000010 0.000010 0.000010 0.000010 0.000010 0.000010 0.005419
0.004899 0.959696 0.012157 0.000010 0.000010 0.019655 0.000010 0.000010 0.003553
0.000010 0.893512 0.009278 0.011465 0.000010 0.063186 0.000277 0.008252 0.014009
0.002104 0.982098 0.015083 0.000010 0.000010 0.000010 0.000665 0.000010 0.000010
0.006268 0.909233 0.000010 0.006543 0.035848 0.012281 0.017770 0.000010 0.012037
0.014964 0.895214 0.000010 0.009867 0.000010 0.046972 0.021274 0.000010 0.011679
0.000010 0.999870 0.000010 0.000010 0.000010 0.000010 0.000010 0.000060 0.000010
0.000010 0.867275 0.000010 0.012177 0.052497 0.050048 0.000010 0.000092 0.017880
0.036643 0.841528 0.000010 0.000010 0.042513 0.063177 0.013459 0.000010 0.002650
0.013746 0.000010 0.640068 0.029893 0.033572 0.262490 0.006925 0.003866 0.009429
0.004328 0.024833 0.421187 0.050939 0.080719 0.404699 0.012613 0.000672 0.000010
0.043375 0.045649 0.208938 0.041072 0.155766 0.440405 0.039953 0.017551 0.007290
0.013621 0.047716 0.410716 0.013731 0.118791 0.373440 0.016948 0.005026 0.000010
0.000010 0.000010 0.999920 0.000010 0.000010 0.000010 0.000010 0.000010 0.000010
0.000010 0.000010 0.999920 0.000010 0.000010 0.000010 0.000010 0.000010 0.000010
0.000010 0.000010 0.999920 0.000010 0.000010 0.000010 0.000010 0.000010 0.000010
0.036102 0.023756 0.385164 0.054452 0.031432 0.446101 0.015358 0.002070 0.005565
0.017561 0.000010 0.420407 0.028302 0.107136 0.390434 0.010357 0.018915 0.006877
0.003951 0.000010 0.558045 0.025837 0.072786 0.320270 0.010860 0.000010 0.008232
0.021030 0.037106 0.347185 0.013016 0.049012 0.483455 0.013547 0.013582 0.022068
0.009630 0.008093 0.358040 0.010736 0.089310 0.461989 0.050767 0.002429 0.009006
0.010802 0.038679 0.288738 0.029637 0.143871 0.447452 0.012546 0.014683 0.013591
0.000010 0.000010 0.999920 0.000010 0.000010 0.000010 0.000010 0.000010 0.000010
0.018416 0.037445 0.351828 0.050004 0.092549 0.431466 0.015910 0.001034 0.001349
0.042844 0.017668 0.326939 0.011691 0.098752 0.425436 0.032119 0.007359 0.037192
0.035576 0.016623 0.349224 0.046012 0.125947 0.367239 0.037364 0.015240 0.006776
0.000010 0.004634 0.491622 0.032074 0.078641 0.384052 0.008947 0.000010 0.000010
0.000010 0.000010 0.999920 0.000010 0.000010 0.000010 0.000010 0.000010 0.000010
0.000010 0.000010 0.999920 0.000010 0.000010 0.000010 0.000010 0.000010 0.000010
0.029365 0.070769 0.325352 0.012151 0.096710 0.454096 0.011537 0.000010 0.000010
0.023828 0.020536 0.416334 0.027540 0.109242 0.365343 0.014460 0.017707 0.005010
0.025672 0.013123 0.525241 0.021470 0.068265 0.318736 0.020639 0.003258 0.003595
0.012166 0.016539 0.417069 0.012647 0.097411 0.398674 0.022907 0.003050 0.019537
0.023187 0.022126 0.366477 0.020482 0.085694 0.422015 0.041507 0.008447 0.010066
0.026491 0.012294 0.306552 0.038482 0.071965 0.505544 0.025623 0.013039 0.000010
0.013454 0.019141 0.409417 0.023633 0.096706 0.399335 0.035325 0.000560 0.002431
0.018991 0.028666 0.387912 0.028444 0.092629 0.415585 0.027097 0.000010 0.000665
0.047086 0.037432 0.328976 0.042490 0.074680 0.428998 0.030822 0.009506 0.000010
0.025101 0.003612 0.351111 0.026039 0.128899 0.439748 0.020113 0.001298 0.004080
0.024495 0.028202 0.494989 0.025936 0.089538 0.321744 0.015073 0.000013 0.000010
0.021029 0.000010 0.442604 0.014168 0.000010 0.480030 0.042130 0.000010 0.000010
0.032232 0.060278 0.271277 0.006270 0.141151 0.435805 0.023963 0.000115 0.028909
0.019392 0.022302 0.388938 0.024678 0.105086 0.423070 0.016515 0.000010 0.000010
0.041270 0.018728 0.384088 0.032326 0.090818 0.395488 0.019220 0.012859 0.005203
0.038203 0.002299 0.389351 0.024996 0.050758 0.426409 0.040134 0.003855 0.023994
0.021477 0.045857 0.023709 0.036160 0.132389 0.719174 0.011716 0.000389 0.009131
0.032250 0.031434 0.013918 0.034078 0.047304 0.788625 0.033046 0.011078 0.008266
0.028650 0.000010 0.005474 0.042136 0.000010 0.881562 0.036067 0.000010 0.006080
0.017499 0.030837 0.000010 0.051284 0.101379 0.731102 0.055295 0.010074 0.002519
0.028961 0.030782 0.040499 0.040361 0.156027 0.631701 0.034384 0.021329 0.015957
0.023212 0.015319 0.047619 0.045053 0.069351 0.735169 0.035754 0.019751 0.008773
0.015567 0.001989 0.000010 0.036951 0.000010 0.900787 0.029610 0.008490 0.006585
0.026529 0.019620 0.023294 0.040053 0.047521 0.789060 0.036033 0.006773 0.011118
0.000010 0.024257 0.022827 0.043235 0.106899 0.733943 0.039146 0.012195 0.017489
0.040092 0.034317 0.035134 0.045303 0.053183 0.752917 0.026945 0.000010 0.012098
0.000010 0.012591 0.000010 0.042337 0.000010 0.868834 0.057476 0.010944 0.007789
0.037525 0.037653 0.036276 0.033532 0.073000 0.713603 0.046772 0.014780 0.006860
0.041588 0.043293 0.020080 0.035540 0.062797 0.742600 0.041882 0.000010 0.012211
0.019189 0.000565 0.017212 0.043299 0.006083 0.891571 0.011253 0.004991 0.005836
0.000010 0.000010 0.000010 0.024473 0.007980 0.892502 0.036147 0.006566 0.032301
0.030370 0.026530 0.068299 0.028800 0.141775 0.677383 0.016956 0.002117 0.007770
0.014567 0.035147 0.027676 0.025774 0.056607 0.734682 0.065181 0.000010 0.040355
0.012535 0.022209 0.000010 0.064188 0.044989 0.806742 0.042751 0.006566 0.000010
0.016701 0.067340 0.054962 0.037310 0.130282 0.643163 0.030022 0.009840 0.010379
0.043712 0.040666 0.014595 0.031121 0.067640 0.731085 0.051268 0.015763 0.004152
0.024602 0.040539 0.033913 0.011712 0.151851 0.685056 0.017690 0.031917 0.002719
0.027920 0.054496 0.003036 0.037637 0.039124 0.759278 0.059139 0.002650 0.016720
0.022788 0.032643 0.027542 0.029259 0.058871 0.765706 0.045971 0.004225 0.012994
0.026763 0.054642 0.057615 0.028744 0.066357 0.690064 0.044324 0.009342 0.022150
0.036813 0.032689 0.050015 0.039182 0.119598 0.685328 0.012917 0.004040 0.019418
0.018376 0.029133 0.034973 0.016929 0.025953 0.846690 0.023385 0.000010 0.004551
0.023643 0.025102 0.056883 0.042578 0.056268 0.751710 0.032851 0.010888 0.000077
0.030551 0.051601 0.018241 0.050034 0.060578 0.720583 0.057096 0.011305 0.000010
0.020286 0.007786 0.033821 0.044869 0.109926 0.724343 0.035250 0.006996 0.016724
0.043888 0.069295 0.061725 0.049371 0.174558 0.545293 0.036884 0.004777 0.014209
0.027356 0.062816 0.048050 0.029504 0.165022 0.613473 0.021864 0.010679 0.021237
0.041544 0.082630 0.055140 0.017284 0.191214 0.556021 0.027551 0.013012 0.015605
0.031984 0.044592 0.069394 0.026433 0.168363 0.608536 0.004578 0.013571 0.032550
0.058943 0.036824 0.054633 0.046489 0.155625 0.591942 0.046212 0.000010 0.009322
0.047952 0.052977 0.053020 0.032780 0.138421 0.601834 0.040260 0.001711 0.031046
0.030608 0.036218 0.041717 0.064990 0.184363 0.583685 0.039049 0.019360 0.000010
0.035375 0.046809 0.031585 0.040929 0.181062 0.589096 0.039196 0.018191 0.017757
0.043348 0.041667 0.058980 0.042983 0.175976 0.589385 0.021072 0.009575 0.017015
0.042698 0.012340 0.067406 0.025353 0.192266 0.599494 0.031006 0.017666 0.011769
0.039593 0.041731 0.055240 0.051052 0.202407 0.581401 0.008066 0.018562 0.001948
0.037264 0.059757 0.058081 0.058543 0.166156 0.556429 0.039086 0.012861 0.011822
0.020442 0.033121 0.071182 0.032839 0.208815 0.588254 0.018835 0.012036 0.014476
0.045059 0.033645 0.060360 0.035506 0.171051 0.610764 0.022438 0.013504 0.007674
0.056539 0.072635 0.076493 0.033572 0.177898 0.535337 0.021300 0.013668 0.012559
0.045734 0.064739 0.063624 0.034240 0.164800 0.552175 0.040707 0.024988 0.008993
0.052630 0.044283 0.053464 0.029430 0.176914 0.603573 0.017138 0.007554 0.015014
0.047367 0.036686 0.050966 0.025574 0.170914 0.629540 0.013178 0.016866 0.008909
0.039707 0.038196 0.050724 0.030552 0.220449 0.576497 0.017069 0.005766 0.021040
0.043646 0.046294 0.051960 0.038259 0.200669 0.561541 0.034221 0.011654 0.011755
0.037216 0.047449 0.037137 0.053836 0.181433 0.559912 0.058454 0.015232 0.009331
0.045051 0.049643 0.057342 0.030897 0.196361 0.548107 0.044398 0.018358 0.009843
0.029699 0.039439 0.071582 0.040103 0.152828 0.640001 0.010497 0.003250 0.012600
0.057824 0.061586 0.077630 0.018393 0.187933 0.531625 0.030656 0.010264 0.024089
0.023769 0.053546 0.041656 0.043736 0.197669 0.576138 0.040833 0.021856 0.000796
0.049364 0.069103 0.081971 0.027515 0.173112 0.540078 0.032003 0.016407 0.010447
0.021212 0.070445 0.049600 0.034767 0.183182 0.569710 0.038088 0.024315 0.008681
0.057231 0.070009 0.070956 0.030399 0.181412 0.528219 0.018647 0.014163 0.028965
0.006197 0.000010 0.016063 0.926534 0.000010 0.014031 0.000010 0.000010 0.037134
0.000010 0.000010 0.000010 0.999920 0.000010 0.000010 0.000010 0.000010 0.000010
0.000010 0.000010 0.000010 0.999920 0.000010 0.000010 0.000010 0.000010 0.000010
0.000010 0.000010 0.008485 0.961849 0.000010 0.000010 0.000010 0.010261 0.019355
0.000010 0.000010 0.000010 0.987124 0.000010 0.000010 0.000010 0.012806 0.000010
0.000010 0.000010 0.000010 0.999920 0.000010 0.000010 0.000010 0.000010 0.000010
0.000010 0.000010 0.000010 0.999920 0.000010 0.000010 0.000010 0.000010 0.000010
0.000010 0.000010 0.015080 0.961700 0.000010 0.000010 0.000010 0.000010 0.023160
0.018047 0.012827 0.005034 0.887715 0.000010 0.033930 0.000010 0.002280 0.040147
0.016309 0.020016 0.000010 0.931114 0.028937 0.000010 0.000010 0.000010 0.003584
0.000010 0.000010 0.000010 0.999920 0.000010 0.000010 0.000010 0.000010 0.000010
0.000010 0.000010 0.000010 0.999920 0.000010 0.000010 0.000010 0.000010 0.000010
0.000010 0.000010 0.000010 0.999920 0.000010 0.000010 0.000010 0.000010 0.000010
0.017737 0.004353 0.000010 0.836997 0.000010 0.092574 0.003383 0.000010 0.044926
0.000011 0.007192 0.012614 0.851251 0.000010 0.060587 0.000010 0.016292 0.052033
0.000010 0.000010 0.000010 0.986156 0.000010 0.000010 0.000010 0.000010 0.013774
0.000010 0.000010 0.000010 0.999920 0.000010 0.000010 0.000010 0.000010 0.000010
0.000010 0.000010 0.000010 0.999920 0.000010 0.000010 0.000010 0.000010 0.000010
0.012294 0.000010 0.000010 0.958537 0.000010 0.003173 0.000010 0.000010 0.025945
0.008395 0.000010 0.000010 0.974212 0.006880 0.000010 0.000010 0.005279 0.005194
0.000010 0.000010 0.000010 0.897263 0.000010 0.042525 0.000010 0.000010 0.060152
0.000010 0.000010 0.000010 0.999920 0.000010 0.000010 0.000010 0.000010 0.000010
0.000010 0.000010 0.000010 0.999920 0.000010 0.000010 0.000010 0.000010 0.000010
0.000010 0.013906 0.008959 0.962909 0.000010 0.000010 0.001052 0.000010 0.013133
0.000010 0.000010 0.000010 0.999920 0.000010 0.000010 0.000010 0.000010 0.000010
0.003068 0.000010 0.000010 0.872949 0.006434 0.068286 0.000010 0.005607 0.043626
0.010905 0.025817 0.000010 0.857308 0.019322 0.019328 0.000010 0.014258 0.053041
0.248669 0.039812 0.048905 0.010769 0.167840 0.440687 0.010357 0.017476 0.015485
0.999920 0.000010 0.000010 0.000010 0.000010 0.000010 0.000010 0.000010 0.000010
0.090509 0.029779 0.046872 0.030090 0.191781 0.552440 0.037105 0.000010 0.021415
0.999920 0.000010 0.000010 0.000010 0.000010 0.000010 0.000010 0.000010 0.000010
0.141515 0.014136 0.061350 0.011325 0.158754 0.564716 0.026821 0.008114 0.013270
0.999920 0.000010 0.000010 0.000010 0.000010 0.000010 0.000010 0.000010 0.000010
0.056111 0.035268 0.056037 0.021232 0.170617 0.588014 0.028162 0.016581 0.027978
0.077591 0.051969 0.076768 0.024464 0.201966 0.511291 0.029844 0.009128 0.016979
0.219251 0.036783 0.015721 0.024776 0.165096 0.476238 0.027996 0.018638 0.015502
0.488830 0.032685 0.047592 0.000010 0.053996 0.355604 0.010046 0.002308 0.008930
0.999920 0.000010 0.000010 0.000010 0.000010 0.000010 0.000010 0.000010 0.000010
0.999919 0.000010 0.000010 0.000011 0.000010 0.000010 0.000010 0.000010 0.000010
0.223168 0.048367 0.038676 0.008833 0.115604 0.523371 0.028678 0.001068 0.012235
0.175298 0.051980 0.043013 0.033501 0.151456 0.473775 0.036303 0.020636 0.014037
0.182907 0.065554 0.026698 0.024498 0.161012 0.499332 0.015606 0.006087 0.018307
0.090626 0.049299 0.056766 0.023277 0.156158 0.577024 0.022437 0.015420 0.008993
0.167344 0.079229 0.039529 0.022336 0.140142 0.465337 0.066810 0.003330 0.015944
0.024482 0.049489 0.051225 0.039350 0.207311 0.567368 0.021711 0.017272 0.021791
0.036551 0.049981 0.068808 0.013770 0.151971 0.546880 0.031463 0.041663 0.058912
0.045955 0.026703 0.054857 0.008455 0.185258 0.561499 0.031502 0.036680 0.049090
0.055535 0.041001 0.042098 0.005230 0.159215 0.565010 0.028509 0.052189 0.051214
0.051750 0.041404 0.079068 0.013442 0.186429 0.535230 0.022261 0.033158 0.037257
0.038599 0.061390 0.063112 0.029788 0.136267 0.540892 0.027325 0.062705 0.039921
0.056662 0.083313 0.029107 0.009307 0.130205 0.575379 0.028261 0.042505 0.045260
0.054808 0.044970 0.039246 0.000010 0.154890 0.574641 0.047550 0.033602 0.050284
0.016098 0.037575 0.024236 0.021167 0.204081 0.658379 0.024285 0.001397 0.012783
0.031356 0.070093 0.025012 0.033628 0.188495 0.610715 0.019562 0.012215 0.008923
0.043004 0.062142 0.039725 0.022027 0.172824 0.568523 0.054545 0.020539 0.016671
0.030408 0.018384 0.006541 0.033228 0.176046 0.678921 0.032836 0.000010 0.023626
0.018480 0.061438 0.084416 0.035204 0.141488 0.590528 0.024971 0.015429 0.028047
0.029500 0.050344 0.052265 0.041369 0.188855 0.580496 0.022392 0.023609 0.011170
0.044942 0.052069 0.063768 0.050848 0.175477 0.581666 0.007055 0.008685 0.015489
0.050727 0.055758 0.052991 0.012057 0.193557 0.607654 0.013737 0.006692 0.006827
0.047418 0.086538 0.034211 0.028728 0.185615 0.570375 0.028024 0.019082 0.000010
0.040269 0.028273 0.030114 0.045663 0.224921 0.603580 0.009292 0.017878 0.000010
0.026168 0.030053 0.032133 0.030808 0.192042 0.632701 0.024753 0.014207 0.017134
0.026591 0.075719 0.021053 0.011480 0.198057 0.611538 0.023716 0.012670 0.019177
0.033978 0.042963 0.047524 0.017052 0.191452 0.613733 0.040387 0.000010 0.012901
0.052238 0.067238 0.042418 0.042816 0.158960 0.552952 0.029234 0.030869 0.023275
0.023757 0.018429 0.011893 0.053616 0.185708 0.656616 0.030007 0.000010 0.019963
0.007133 0.061321 0.056683 0.048864 0.160869 0.602513 0.023915 0.018713 0.019989
0.044447 0.033768 0.042501 0.041022 0.199525 0.594170 0.027479 0.016274 0.000815
0.040550 0.022510 0.051304 0.055814 0.158838 0.640174 0.008603 0.021784 0.000424
0.051382 0.043972 0.035725 0.021257 0.149018 0.643476 0.034118 0.002817 0.018234
0.032674 0.078518 0.019180 0.031125 0.142237 0.641631 0.032673 0.005172 0.016790
0.016765 0.086407 0.052425 0.028529 0.190351 0.585691 0.017426 0.015037 0.007368
0.041328 0.074634 0.055668 0.027708 0.176355 0.570236 0.036781 0.012278 0.005013
0.026184 0.034003 0.049269 0.032812 0.196110 0.609249 0.026190 0.010880 0.015303
0.041553 0.059830 0.036619 0.030157 0.146628 0.589255 0.062941 0.015482 0.017533
0.055869 0.015474 0.061237 0.014244 0.197120 0.607187 0.014594 0.007999 0.026277
0.029670 0.037474 0.050538 0.022446 0.206765 0.585930 0.033168 0.023799 0.010210
0.032896 0.044867 0.033323 0.025608 0.190583 0.628877 0.001721 0.026339 0.015786
0.055947 0.072528 0.057635 0.041954 0.105377 0.602554 0.029341 0.021589 0.013076
0.038035 0.028040 0.036273 0.027723 0.200211 0.608626 0.038454 0.013998 0.008639
0.052121 0.054715 0.055637 0.023767 0.129940 0.640405 0.015075 0.012754 0.015585
0.041415 0.006202 0.070301 0.016591 0.208262 0.576026 0.034177 0.025157 0.021870
0.056643 0.012701 0.030165 0.024838 0.160381 0.650549 0.036766 0.011256 0.016701
0.056004 0.058148 0.050889 0.025933 0.163896 0.588423 0.026628 0.020359 0.009720
0.049730 0.077177 0.055394 0.034213 0.118726 0.595387 0.036811 0.014019 0.018543
0.034757 0.050709 0.076802 0.036284 0.164562 0.564187 0.027275 0.022379 0.023045
0.030990 0.046920 0.049514 0.046208 0.199450 0.563638 0.023466 0.019321 0.020494
0.048531 0.029119 0.065923 0.034650 0.106700 0.639841 0.035993 0.024041 0.015203
0.031396 0.045844 0.073086 0.039523 0.175468 0.580010 0.018411 0.016911 0.019351
0.035825 0.068182 0.049089 0.033254 0.156933 0.562759 0.051479 0.022688 0.019792
0.049250 0.034737 0.060528 0.034039 0.161712 0.614530 0.021556 0.010397 0.013252
0.021426 0.024977 0.090611 0.037143 0.188501 0.589464 0.028567 0.016764 0.002547
0.042930 0.032842 0.066864 0.065305 0.136839 0.597844 0.046289 0.000090 0.010996
0.034807 0.049292 0.042862 0.032142 0.196395 0.590030 0.028182 0.014771 0.011518
0.037859 0.039018 0.003907 0.052357 0.171184 0.632653 0.032771 0.030240 0.000010
0.047887 0.029768 0.039432 0.029370 0.194080 0.601130 0.029649 0.000076 0.028609
0.044153 0.080583 0.086924 0.025742 0.175034 0.539076 0.024437 0.003618 0.020433
0.041832 0.053706 0.040686 0.033955 0.205133 0.566792 0.021725 0.022435 0.013735
0.055203 0.018220 0.075164 0.067218 0.113715 0.621124 0.032527 0.016819 0.000010
0.058516 0.045614 0.027280 0.032399 0.138643 0.661194 0.026986 0.005005 0.004364
0.051127 0.060813 0.057762 0.039089 0.176663 0.582140 0.015572 0.009814 0.007021
0.020917 0.050153 0.070700 0.046986 0.187825 0.549851 0.044300 0.024781 0.004485
0.043063 0.041055 0.048569 0.045957 0.177419 0.596051 0.032174 0.009133 0.006578
0.034900 0.030708 0.063391 0.042538 0.194302 0.576182 0.038502 0.019468 0.000010
0.039870 0.054140 0.063161 0.023384 0.187354 0.550493 0.059930 0.011613 0.010056
0.034287 0.072907 0.079657 0.033171 0.151510 0.568895 0.032161 0.027127 0.000286
0.027326 0.057234 0.072462 0.022920 0.181113 0.549710 0.035823 0.023274 0.030140
0.072573 0.051568 0.045728 0.049920 0.142698 0.600912 0.006494 0.015174 0.014933
0.019575 0.027925 0.107151 0.051606 0.171463 0.575225 0.019960 0.015802 0.011294
0.024016 0.039336 0.033845 0.033814 0.192279 0.622690 0.022752 0.026270 0.004999
0.055240 0.050899 0.049150 0.030061 0.163636 0.566399 0.063845 0.012949 0.007820
0.040271 0.053287 0.046280 0.044279 0.122980 0.635326 0.031133 0.025930 0.000515
0.018681 0.023346 0.067740 0.003486 0.177089 0.640188 0.029262 0.011439 0.028768
0.033798 0.051786 0.048610 0.019016 0.197692 0.551195 0.013789 0.042946 0.041169
0.028920 0.036615 0.045819 0.036028 0.159115 0.577200 0.014701 0.053245 0.048358
0.029371 0.039683 0.062407 0.006632 0.148030 0.601027 0.013435 0.048529 0.050885
0.021590 0.056130 0.066312 0.007390 0.200300 0.543283 0.010330 0.043310 0.051354
0.047405 0.063075 0.047450 0.000010 0.173655 0.557628 0.028591 0.034258 0.047928
0.038247 0.063231 0.029680 0.020308 0.161699 0.585209 0.011146 0.035812 0.054667
0.027560 0.068269 0.063093 0.018693 0.176202 0.554846 0.015872 0.042308 0.033157
0.025892 0.043069 0.059922 0.000010 0.199028 0.545468 0.027573 0.037027 0.062011
0.050959 0.050708 0.059472 0.028117 0.120079 0.568350 0.036078 0.036974 0.049263
0.066090 0.035518 0.069221 0.000010 0.122039 0.579338 0.010523 0.049490 0.067772
0.037024 0.052261 0.040018 0.029140 0.130895 0.581640 0.026703 0.036686 0.065633
0.053127 0.053921 0.048082 0.024792 0.149460 0.613905 0.028961 0.008921 0.018832
0.047222 0.055620 0.045870 0.017131 0.152123 0.624828 0.021281 0.008233 0.027691
0.032859 0.047015 0.031542 0.050840 0.207338 0.583706 0.025865 0.003858 0.016978
0.045834 0.046945 0.067768 0.046907 0.128950 0.637062 0.025431 0.001093 0.000010
0.055364 0.026634 0.075470 0.059305 0.155923 0.594540 0.025190 0.007564 0.000010
0.029017 0.075537 0.079388 0.040423 0.150607 0.570137 0.036784 0.007859 0.010247
0.029184 0.031799 0.023020 0.023271 0.110760 0.722897 0.022700 0.009104 0.027265
0.048314 0.037368 0.021003 0.043540 0.121224 0.653425 0.047992 0.010183 0.016951
0.049906 0.073428 0.054770 0.030991 0.174006 0.601776 0.014120 0.000993 0.000010
0.049061 0.031454 0.004996 0.053021 0.083412 0.727430 0.046253 0.004362 0.000010
0.054560 0.054750 0.049133 0.023203 0.198143 0.558767 0.020787 0.012367 0.028290
0.056739 0.067025 0.058924 0.048529 0.179104 0.546980 0.024988 0.008964 0.008746
0.047666 0.035899 0.051799 0.025372 0.147611 0.652967 0.016641 0.000010 0.022035
0.036372 0.032290 0.058335 0.044760 0.150813 0.617641 0.021604 0.007418 0.030768
0.047588 0.058836 0.053925 0.042139 0.169910 0.572329 0.028162 0.008111 0.019001
0.044754 0.060699 0.039188 0.042278 0.139085 0.602193 0.035958 0.016690 0.019156
0.044892 0.054212 0.065134 0.043398 0.187842 0.567524 0.027155 0.001296 0.008547
0.050451 0.063968 0.070945 0.040254 0.142040 0.600680 0.022284 0.001264 0.008113
0.032091 0.034005 0.000010 0.020726 0.075339 0.752702 0.056853 0.004833 0.023440
0.055519 0.022361 0.054631 0.027590 0.169394 0.611958 0.038688 0.013332 0.006526
0.035131 0.073491 0.039983 0.029831 0.193257 0.583808 0.038427 0.003004 0.003070
0.052048 0.030541 0.051011 0.036941 0.164819 0.585042 0.047503 0.016751 0.015344
0.028346 0.004495 0.055623 0.034470 0.206923 0.605537 0.020574 0.016549 0.027484
0.033754 0.052802 0.017446 0.037744 0.183024 0.602788 0.053318 0.019113 0.000010
0.052672 0.042816 0.067297 0.026452 0.180295 0.564190 0.030413 0.014815 0.021050
0.058978 0.027095 0.049534 0.046067 0.178929 0.566442 0.052178 0.003957 0.016820
0.059745 0.054092 0.065484 0.051548 0.151107 0.542139 0.040989 0.022462 0.012433
0.045384 0.044500 0.073697 0.042102 0.169157 0.572932 0.026995 0.025222 0.000010
0.028751 0.042040 0.064039 0.033278 0.137151 0.628305 0.038080 0.015778 0.012579
0.046308 0.053947 0.063819 0.022932 0.199002 0.550710 0.036771 0.006369 0.020143
0.023337 0.049812 0.077051 0.024213 0.170181 0.565476 0.048379 0.022029 0.019522
0.047615 0.054826 0.073371 0.050785 0.157978 0.547427 0.029252 0.020882 0.017863
0.037680 0.055553 0.036130 0.021934 0.144151 0.616568 0.048471 0.013422 0.026090
0.047351 0.059702 0.080233 0.029745 0.137704 0.588597 0.036251 0.002656 0.017761
0.051876 0.063842 0.071676 0.040777 0.168467 0.553881 0.030085 0.007309 0.012087
0.043587 0.055197 0.040479 0.042014 0.121548 0.612539 0.062646 0.019940 0.002048
0.033265 0.056127 0.077057 0.029029 0.136222 0.589554 0.050113 0.012583 0.016050
0.042978 0.034959 0.067893 0.034712 0.210803 0.560838 0.025638 0.006000 0.016181
0.029032 0.030480 0.073385 0.027187 0.155226 0.602816 0.035961 0.024489 0.021424
0.031444 0.034115 0.067401 0.038014 0.203920 0.569914 0.024150 0.014166 0.016875
0.023233 0.052389 0.058642 0.034313 0.196749 0.592409 0.016970 0.001208 0.024087
0.047389 0.090203 0.056734 0.023157 0.208795 0.548540 0.008550 0.002908 0.013724
0.053221 0.008486 0.066170 0.033656 0.186592 0.600701 0.024678 0.006792 0.019704
0.035684 0.077379 0.074598 0.029808 0.157207 0.556805 0.037929 0.008382 0.022208
0.045836 0.034691 0.056786 0.009825 0.242602 0.570636 0.003114 0.015836 0.020674
0.049884 0.036307 0.082302 0.045942 0.146084 0.572509 0.034783 0.022537 0.009652
0.044120 0.069198 0.048648 0.025095 0.172819 0.575651 0.034733 0.010404 0.019332
