	Antwerp_Belgium	Bulgaria	Cambridge_UK	Crete	Font_Roja_Spain	Gotland_Sweden	Harjavalta_Finland	Italy	La_Rouviere_France	Loch_Lomond_Scotland	Mariola_Spain	Montpellier_France	Oulu_Finland	Pilis_Mountains_Hungary	Pirio_Muro_Corsica	Radolfzell_Germany	Romania	Seewisen_Germany	Tartu_Estonia	Turkey	Velky_Kosir_Czech_Republic	Vienna_Austria	Vlieland_NL	Westerheide	Wytham_UK	Zurich_Switzerland	Zvenigorod_Russia
Antwerp_Belgium	0.00	1810183.69	311692.85	2427891.64	1450531.55	1146043.45	1560155.02	1195966.08	812251.06	801323.20	1555364.48	906897.12	1952890.19	1117990.65	1076191.46	507722.66	1563601.46	611455.83	1629069.38	2687949.20	917382.51	920972.89	226983.87	126668.59	399137.53	522241.85	2186811.70
Bulgaria	1810183.69	0.00	2121839.33	853744.44	2193594.46	1694107.02	2063907.26	953478.08	1678435.43	2565518.94	2241790.74	1739774.85	2467124.11	721424.15	1304525.99	1365383.95	406999.68	1214360.11	1732350.27	903882.32	962337.50	900828.76	1876893.68	1808835.57	2202247.72	1384762.68	1668233.37
Cambridge_UK	311692.85	2121839.33	0.00	2726825.75	1507565.90	1308310.71	1668643.05	1474285.32	968866.50	532476.34	1613248.63	1044648.57	2020748.98	1427697.63	1309440.23	800022.28	1871152.67	918918.06	1805338.45	2998670.97	1220919.30	1231594.44	342383.62	343553.74	110279.70	804806.94	2406271.08
Crete	2427891.64	853744.44	2726825.75	0.00	2294877.34	2531708.67	2915797.99	1285268.84	2019736.48	3224921.66	2303988.31	2038448.66	3320854.19	1484101.21	1575938.74	1926840.10	1259884.27	1820579.74	2585150.89	991859.62	1723622.66	1617719.17	2549364.80	2461223.62	2785311.77	1925087.15	2461476.84
Font_Roja_Spain	1450531.55	2193594.46	1507565.90	2294877.34	0.00	2510234.78	2964892.31	1245077.80	709199.09	1964417.05	105882.81	602692.91	3381740.20	1866245.49	902814.97	1270368.81	2224218.48	1405638.66	2936747.73	3036205.32	1848726.43	1725381.43	1675512.18	1576017.70	1460728.31	1217470.00	3345608.05
Gotland_Sweden	1146043.45	1694107.02	1308310.71	2531708.67	2510234.78	0.00	472214.11	1721151.11	1805653.94	1405183.52	2608900.65	1912673.86	914751.28	1088144.65	1836897.20	1258192.95	1293756.86	1165555.99	498039.62	2328302.98	890594.69	1040978.88	976624.47	1029212.57	1417241.39	1310180.90	1139680.06
Harjavalta_Finland	1560155.02	2063907.26	1668643.05	2915797.99	2964892.31	472214.11	0.00	2187381.64	2265379.49	1634814.76	3065230.05	2372039.08	444294.01	1525627.49	2309091.85	1725200.52	1656907.88	1637284.96	415951.69	2582261.89	1347566.92	1500752.93	1363872.12	1436333.35	1771834.36	1776642.28	1053050.99
Italy	1195966.08	953478.08	1474285.32	1285268.84	1245077.80	1721151.11	2187381.64	0.00	759752.04	1994892.03	1300148.58	803428.27	2631615.34	738249.41	351521.91	690570.06	1001591.39	644370.93	2009229.08	1827510.44	846965.27	692336.26	1360108.33	1257323.41	1520246.61	674039.72	2249025.67
La_Rouviere_France	812251.06	1678435.43	968866.50	2019736.48	709199.09	1805653.94	2265379.49	759752.04	0.00	1491739.53	804769.51	107091.46	2689387.06	1212573.30	444948.93	561628.24	1616278.11	704035.76	2227548.65	2573023.63	1158892.19	1049372.93	1037384.84	928901.01	965710.83	508837.63	2650661.07
Loch_Lomond_Scotland	801323.20	2565518.94	532476.34	3224921.66	1964417.05	1405183.52	1634814.76	1994892.03	1491739.53	0.00	2067770.23	1559966.77	1891952.55	1848761.45	1841839.47	1308934.73	2269403.60	1404371.39	1884736.10	3409888.97	1618193.02	1664781.89	688799.57	765773.36	527261.35	1321057.98	2544694.36
Mariola_Spain	1555364.48	2241790.74	1613248.63	2303988.31	105882.81	2608900.65	3065230.05	1300148.58	804769.51	2067770.23	0.00	697757.77	3483619.51	1941872.92	965506.15	1364222.51	2288944.13	1495326.39	3031211.79	3071200.84	1933339.48	1806671.70	1780599.27	1680671.68	1565757.87	1311270.85	3430052.40
Montpellier_France	906897.12	1739774.85	1044648.57	2038448.66	602692.91	1912673.86	2372039.08	803428.27	107091.46	1559966.77	697757.77	0.00	2795365.13	1302657.38	466563.15	667702.73	1696956.97	806866.30	2334162.06	2627902.59	1258501.17	1144869.51	1133211.74	1025967.90	1032705.54	614823.00	2752489.81
Oulu_Finland	1952890.19	2467124.11	2020748.98	3320854.19	3381740.20	914751.28	444294.01	2631615.34	2689387.06	1891952.55	3483619.51	2795365.13	0.00	1963023.01	2750117.90	2158325.63	2061891.78	2076961.08	741879.66	2907196.25	1790711.33	1944258.66	1743001.58	1826689.85	2117061.39	2209041.21	1203745.08
Pilis_Mountains_Hungary	1117990.65	721424.15	1427697.63	1484101.21	1866245.49	1088144.65	1525627.49	738249.41	1212573.30	1848761.45	1941872.92	1302657.38	1963023.01	0.00	993673.06	745061.80	450571.79	574377.38	1293155.32	1571797.42	243698.98	199602.67	1161771.19	1101183.10	1516535.35	781204.38	1517061.45
Pirio_Muro_Corsica	1076191.46	1304525.99	1309440.23	1575938.74	902814.97	1836897.20	2309091.85	351521.91	444948.93	1841839.47	965506.15	466563.15	2750117.90	993673.06	0.00	628902.80	1323444.91	674295.02	2188759.68	2177063.08	1031428.13	887216.89	1277030.76	1166557.35	1332589.93	588829.41	2505961.83
Radolfzell_Germany	507722.66	1365383.95	800022.28	1926840.10	1270368.81	1258192.95	1725200.52	690570.06	561628.24	1308934.73	1364222.51	667702.73	2158325.63	745061.80	628902.80	0.00	1189691.82	171732.58	1666993.80	2264241.01	628064.27	552882.08	672959.40	567813.12	861451.13	52952.92	2099179.77
Romania	1563601.46	406999.68	1871152.67	1259884.27	2224218.48	1293756.86	1656907.88	1001591.39	1616278.11	2269403.60	2288944.13	1696956.97	2061891.78	450571.79	1323444.91	1189691.82	0.00	1021008.68	1330224.80	1140580.56	654371.39	650115.17	1589855.18	1538358.30	1962713.70	1222371.50	1335399.97
Seewisen_Germany	611455.83	1214360.11	918918.06	1820579.74	1405638.66	1165555.99	1637284.96	644370.93	704035.76	1404371.39	1495326.39	806866.30	2076961.08	574377.38	674295.02	171732.58	1021008.68	0.00	1545013.61	2107876.01	461853.75	381170.09	734870.22	641596.42	991948.07	213605.81	1946764.41
Tartu_Estonia	1629069.38	1732350.27	1805338.45	2585150.89	2936747.73	498039.62	415951.69	2009229.08	2227548.65	1884736.10	3031211.79	2334162.06	741879.66	1293155.32	2188759.68	1666993.80	1330224.80	1545013.61	0.00	2182460.69	1166885.17	1319889.51	1470928.83	1516862.83	1914569.04	1719946.44	678306.85
Turkey	2687949.20	903882.32	2998670.97	991859.62	3036205.32	2328302.98	2582261.89	1827510.44	2573023.63	3409888.97	3071200.84	2627902.59	2907196.25	1571797.42	2177063.08	2264241.01	1140580.56	2107876.01	2182460.69	0.00	1792895.82	1767087.12	2728499.61	2672473.43	3085051.63	2285928.83	1817954.52
Velky_Kosir_Czech_Republic	917382.51	962337.50	1220919.30	1723622.66	1848726.43	890594.69	1347566.92	846965.27	1158892.19	1618193.02	1933339.48	1258501.17	1790711.33	243698.98	1031428.13	628064.27	654371.39	461853.75	1166885.17	1792895.82	0.00	154663.78	935784.63	884906.66	1315757.79	674264.36	1496936.73
Vienna_Austria	920972.89	900828.76	1231594.44	1617719.17	1725381.43	1040978.88	1500752.93	692336.26	1049372.93	1664781.89	1806671.70	1144869.51	1944258.66	199602.67	887216.89	552882.08	650115.17	381170.09	1319889.51	1767087.12	154663.78	0.00	976081.47	909723.93	1318848.62	592354.53	1625975.50
Vlieland_NL	226983.87	1876893.68	342383.62	2549364.80	1675512.18	976624.47	1363872.12	1360108.33	1037384.84	688799.57	1780599.27	1133211.74	1743001.58	1161771.19	1277030.76	672959.40	1589855.18	734870.22	1470928.83	2728499.61	935784.63	976081.47	0.00	111291.80	452544.91	699680.92	2064229.52
Westerheide	126668.59	1808835.57	343553.74	2461223.62	1576017.70	1029212.57	1436333.35	1257323.41	928901.01	765773.36	1680671.68	1025967.90	1826689.85	1101183.10	1166557.35	567813.12	1538358.30	641596.42	1516862.83	2672473.43	884906.66	909723.93	111291.80	0.00	447857.18	592135.06	2089148.92
Wytham_UK	399137.53	2202247.72	110279.70	2785311.77	1460728.31	1417241.39	1771834.36	1520246.61	965710.83	527261.35	1565757.87	1032705.54	2117061.39	1516535.35	1332589.93	861451.13	1962713.70	991948.07	1914569.04	3085051.63	1315757.79	1318848.62	452544.91	447857.18	0.00	860265.23	2516543.51
Zurich_Switzerland	522241.85	1384762.68	804806.94	1925087.15	1217470.00	1310180.90	1776642.28	674039.72	508837.63	1321057.98	1311270.85	614823.00	2209041.21	781204.38	588829.41	52952.92	1222371.50	213605.81	1719946.44	2285928.83	674264.36	592354.53	699680.92	592135.06	860265.23	0.00	2150006.45
Zvenigorod_Russia	2186811.70	1668233.37	2406271.08	2461476.84	3345608.05	1139680.06	1053050.99	2249025.67	2650661.07	2544694.36	3430052.40	2752489.81	1203745.08	1517061.45	2505961.83	2099179.77	1335399.97	1946764.41	678306.85	1817954.52	1496936.73	1625975.50	2064229.52	2089148.92	2516543.51	2150006.45	0.00
